1 1.0 -2.440 -0.490
2 1.0 -2.269 -0.265
3 1.0 -2.436 -0.397
4 1.0 -2.432 -0.302
5 1.0 -2.405 -0.195
6 1.0 -2.421 -0.042
7 1.0 -2.419 0.032
8 1.0 -2.424 0.167
9 1.0 -2.430 0.214
10 1.0 -2.419 0.336
11 1.0 -2.434 0.419
12 1.0 -2.415 0.527
13 1.0 -2.421 0.636
14 1.0 -2.397 0.715
15 1.0 -2.387 0.837
16 1.0 -2.382 0.867
17 1.0 -2.366 0.942
18 1.0 -2.324 1.127
19 1.0 -2.330 1.151
20 1.0 -2.262 1.258
21 1.0 -2.212 1.408
22 1.0 -2.208 1.447
23 1.0 -2.129 1.582
24 1.0 -2.010 1.757
25 1.0 -1.944 1.828
26 1.0 -1.876 1.919
27 1.0 -1.889 1.941
28 1.0 -1.675 2.140
29 1.0 -1.626 2.192
30 1.0 -1.467 2.288
31 1.0 -1.318 2.408
32 1.0 -1.114 2.539
33 1.0 -0.850 2.707
34 1.0 -0.858 2.731
35 1.0 -0.633 2.850
36 1.0 -0.330 2.979
37 1.0 -0.184 3.070
38 1.0 0.113 3.214
39 1.0 0.468 3.363
40 1.0 0.534 3.375
1 2.0 -1.600 -1.040
2 2.0 -1.696 -0.745
3 2.0 -1.590 -0.962
4 2.0 -1.570 -0.834
5 2.0 -1.587 -0.697
6 2.0 -1.564 -0.547
7 2.0 -1.572 -0.472
8 2.0 -1.567 -0.367
9 2.0 -1.564 -0.264
10 2.0 -1.571 -0.179
11 2.0 -1.579 -0.093
12 2.0 -1.580 -0.019
13 2.0 -1.577 0.040
14 2.0 -1.585 0.187
15 2.0 -1.596 0.219
16 2.0 -1.598 0.329
17 2.0 -1.591 0.355
18 2.0 -1.619 0.451
19 2.0 -1.615 0.480
20 2.0 -1.604 0.586
21 2.0 -1.603 0.648
22 2.0 -1.599 0.762
23 2.0 -1.581 0.805
24 2.0 -1.550 0.924
25 2.0 -1.506 0.996
26 2.0 -1.503 1.010
27 2.0 -1.413 1.163
28 2.0 -1.406 1.135
29 2.0 -1.315 1.258
30 2.0 -1.288 1.325
31 2.0 -1.205 1.408
32 2.0 -1.051 1.554
33 2.0 -0.865 1.684
34 2.0 -0.775 1.749
35 2.0 -0.616 1.827
36 2.0 -0.483 1.915
37 2.0 -0.309 2.038
38 2.0 0.027 2.219
39 2.0 0.037 2.241
40 2.0 0.348 2.354
1 3.0 -3.330 -0.930
2 3.0 -3.189 -0.902
3 3.0 -3.255 -0.901
4 3.0 -3.312 -0.809
5 3.0 -3.305 -0.713
6 3.0 -3.295 -0.602
7 3.0 -3.300 -0.494
8 3.0 -3.294 -0.383
9 3.0 -3.297 -0.314
10 3.0 -3.301 -0.174
11 3.0 -3.306 -0.053
12 3.0 -3.319 0.071
13 3.0 -3.311 0.271
14 3.0 -3.315 0.353
15 3.0 -3.313 0.500
16 3.0 -3.310 0.600
17 3.0 -3.286 0.818
18 3.0 -3.269 0.998
19 3.0 -3.267 1.005
20 3.0 -3.223 1.142
21 3.0 -3.167 1.412
22 3.0 -3.101 1.541
23 3.0 -3.076 1.670
24 3.0 -2.993 1.836
25 3.0 -2.939 1.907
26 3.0 -2.835 2.128
27 3.0 -2.722 2.282
28 3.0 -2.590 2.436
29 3.0 -2.432 2.636
30 3.0 -2.301 2.749
31 3.0 -2.197 2.859
32 3.0 -1.899 3.100
33 3.0 -1.798 3.166
34 3.0 -1.683 3.246
35 3.0 -1.434 3.404
36 3.0 -1.122 3.590
37 3.0 -0.796 3.757
38 3.0 -0.489 3.904
39 3.0 -0.297 3.979
40 3.0 -0.450 3.890
41 4.0 -2.440 -0.490
42 4.0 -2.406 -0.629
43 4.0 -2.425 -0.228
44 4.0 -2.440 -0.371
45 4.0 -2.426 -0.182
46 4.0 -2.444 -0.084
47 4.0 -2.444 0.016
48 4.0 -2.429 0.110
49 4.0 -2.420 0.288
50 4.0 -2.418 0.390
51 4.0 -2.421 0.447
52 4.0 -2.414 0.542
53 4.0 -2.407 0.629
54 4.0 -2.391 0.777
55 4.0 -2.371 0.907
56 4.0 -2.348 0.985
57 4.0 -2.335 1.021
58 4.0 -2.307 1.193
59 4.0 -2.279 1.301
60 4.0 -2.203 1.415
61 4.0 -2.135 1.573
62 4.0 -2.155 1.533
63 4.0 -2.036 1.673
64 4.0 -1.979 1.805
65 4.0 -1.929 1.881
66 4.0 -1.821 1.971
67 4.0 -1.763 2.061
68 4.0 -1.760 2.064
69 4.0 -1.596 2.228
70 4.0 -1.432 2.323
71 4.0 -1.258 2.464
72 4.0 -1.150 2.556
73 4.0 -1.016 2.633
74 4.0 -0.726 2.807
75 4.0 -0.778 2.791
76 4.0 -0.313 3.039
77 4.0 -0.058 3.119
78 4.0 0.305 3.279
79 4.0 0.446 3.331
80 4.0 0.977 3.547
41 5.0 -1.600 -1.040
42 5.0 -1.551 -1.118
43 5.0 -1.577 -0.990
44 5.0 -1.568 -0.850
45 5.0 -1.568 -0.695
46 5.0 -1.576 -0.570
47 5.0 -1.566 -0.485
48 5.0 -1.564 -0.386
49 5.0 -1.574 -0.276
50 5.0 -1.569 -0.179
51 5.0 -1.583 -0.106
52 5.0 -1.581 0.010
53 5.0 -1.584 0.099
54 5.0 -1.607 0.162
55 5.0 -1.601 0.231
56 5.0 -1.604 0.302
57 5.0 -1.611 0.307
58 5.0 -1.605 0.436
59 5.0 -1.621 0.449
60 5.0 -1.631 0.521
61 5.0 -1.621 0.608
62 5.0 -1.606 0.633
63 5.0 -1.622 0.700
64 5.0 -1.593 0.822
65 5.0 -1.544 0.915
66 5.0 -1.529 0.996
67 5.0 -1.486 1.076
68 5.0 -1.428 1.144
69 5.0 -1.310 1.309
70 5.0 -1.242 1.421
71 5.0 -1.138 1.490
72 5.0 -1.125 1.489
73 5.0 -0.883 1.697
74 5.0 -0.958 1.628
75 5.0 -0.682 1.840
76 5.0 -0.408 1.996
77 5.0 -0.231 2.087
78 5.0 0.176 2.280
79 5.0 0.250 2.314
80 5.0 0.576 2.462
41 6.0 -3.330 -0.940
42 6.0 -3.366 -0.813
43 6.0 -3.317 -0.749
44 6.0 -3.316 -0.734
45 6.0 -3.308 -0.638
46 6.0 -3.297 -0.547
47 6.0 -3.307 -0.456
48 6.0 -3.302 -0.341
49 6.0 -3.300 -0.293
50 6.0 -3.302 -0.125
51 6.0 -3.323 -0.028
52 6.0 -3.316 0.082
53 6.0 -3.314 0.199
54 6.0 -3.315 0.291
55 6.0 -3.310 0.469
56 6.0 -3.312 0.604
57 6.0 -3.293 0.781
58 6.0 -3.289 0.876
59 6.0 -3.261 0.967
60 6.0 -3.244 1.073
61 6.0 -3.230 1.164
62 6.0 -3.178 1.324
63 6.0 -3.089 1.638
64 6.0 -3.052 1.745
65 6.0 -2.953 1.897
66 6.0 -2.783 2.183
67 6.0 -2.702 2.277
68 6.0 -2.577 2.438
69 6.0 -2.451 2.584
70 6.0 -2.343 2.690
71 6.0 -2.212 2.836
72 6.0 -1.989 3.029
73 6.0 -1.720 3.199
74 6.0 -1.590 3.309
75 6.0 -1.281 3.488
76 6.0 -1.346 3.470
77 6.0 -0.950 3.679
78 6.0 -0.875 3.706
79 6.0 -0.680 3.824
80 6.0 -0.249 4.000
81 7.0 -2.440 -0.490
82 7.0 -2.442 -0.200
83 7.0 -2.476 -0.452
84 7.0 -2.459 -0.351
85 7.0 -2.434 -0.180
86 7.0 -2.435 -0.111
87 7.0 -2.437 0.062
88 7.0 -2.431 0.139
89 7.0 -2.421 0.188
90 7.0 -2.439 0.302
91 7.0 -2.434 0.392
92 7.0 -2.406 0.535
93 7.0 -2.406 0.668
94 7.0 -2.390 0.719
95 7.0 -2.367 0.865
96 7.0 -2.348 0.956
97 7.0 -2.354 1.085
98 7.0 -2.287 1.170
99 7.0 -2.253 1.294
100 7.0 -2.211 1.394
101 7.0 -2.184 1.469
102 7.0 -2.131 1.588
103 7.0 -2.048 1.720
104 7.0 -1.998 1.784
105 7.0 -1.882 1.903
106 7.0 -1.747 2.092
107 7.0 -1.652 2.165
108 7.0 -1.540 2.252
109 7.0 -1.518 2.284
110 7.0 -1.327 2.396
111 7.0 -1.217 2.512
112 7.0 -1.158 2.529
113 7.0 -0.976 2.674
114 7.0 -0.887 2.712
115 7.0 -0.702 2.824
116 7.0 -0.338 3.005
117 7.0 -0.224 3.057
118 7.0 0.010 3.142
119 7.0 0.120 3.232
120 7.0 0.506 3.332
81 8.0 -1.600 -1.040
82 8.0 -1.444 -1.114
83 8.0 -1.567 -0.862
84 8.0 -1.558 -0.743
85 8.0 -1.566 -0.661
86 8.0 -1.571 -0.539
87 8.0 -1.569 -0.484
88 8.0 -1.574 -0.365
89 8.0 -1.569 -0.313
90 8.0 -1.572 -0.199
91 8.0 -1.584 -0.111
92 8.0 -1.591 -0.034
93 8.0 -1.594 0.066
94 8.0 -1.580 0.120
95 8.0 -1.588 0.231
96 8.0 -1.591 0.347
97 8.0 -1.607 0.350
98 8.0 -1.610 0.416
99 8.0 -1.598 0.539
100 8.0 -1.608 0.576
101 8.0 -1.618 0.631
102 8.0 -1.606 0.740
103 8.0 -1.602 0.780
104 8.0 -1.575 0.925
105 8.0 -1.562 0.929
106 8.0 -1.525 1.030
107 8.0 -1.454 1.116
108 8.0 -1.435 1.149
109 8.0 -1.288 1.325
110 8.0 -1.172 1.436
111 8.0 -1.072 1.485
112 8.0 -0.957 1.662
113 8.0 -0.867 1.666
114 8.0 -0.704 1.819
115 8.0 -0.587 1.905
116 8.0 -0.336 2.042
117 8.0 -0.055 2.217
118 8.0 0.288 2.326
119 8.0 0.232 2.302
120 8.0 0.660 2.488
81 9.0 -3.330 -0.940
82 9.0 -3.235 -0.860
83 9.0 -3.320 -0.831
84 9.0 -3.332 -0.759
85 9.0 -3.292 -0.694
86 9.0 -3.302 -0.600
87 9.0 -3.297 -0.495
88 9.0 -3.299 -0.379
89 9.0 -3.295 -0.232
90 9.0 -3.288 -0.146
91 9.0 -3.307 -0.048
92 9.0 -3.322 0.007
93 9.0 -3.319 0.153
94 9.0 -3.318 0.352
95 9.0 -3.316 0.434
96 9.0 -3.300 0.613
97 9.0 -3.316 0.729
98 9.0 -3.294 0.856
99 9.0 -3.253 1.161
100 9.0 -3.259 1.195
101 9.0 -3.179 1.463
102 9.0 -3.095 1.596
103 9.0 -3.042 1.749
104 9.0 -2.987 1.888
105 9.0 -2.931 1.963
106 9.0 -2.797 2.215
107 9.0 -2.702 2.326
108 9.0 -2.624 2.417
109 9.0 -2.521 2.549
110 9.0 -2.276 2.804
111 9.0 -2.176 2.857
112 9.0 -2.010 3.018
113 9.0 -1.905 3.061
114 9.0 -1.750 3.209
115 9.0 -1.551 3.334
116 9.0 -1.052 3.627
117 9.0 -0.792 3.740
118 9.0 -0.896 3.682
119 9.0 -0.579 3.857
120 9.0 -0.135 4.014
121 10.0 -2.430 -0.490
122 10.0 -2.188 -0.475
123 10.0 -2.443 -0.381
124 10.0 -2.421 -0.334
125 10.0 -2.430 -0.234
126 10.0 -2.423 -0.109
127 10.0 -2.430 0.005
128 10.0 -2.424 0.126
129 10.0 -2.426 0.192
130 10.0 -2.410 0.320
131 10.0 -2.419 0.410
132 10.0 -2.405 0.522
133 10.0 -2.397 0.649
134 10.0 -2.403 0.731
135 10.0 -2.375 0.832
136 10.0 -2.360 0.904
137 10.0 -2.315 1.040
138 10.0 -2.294 1.146
139 10.0 -2.264 1.257
140 10.0 -2.185 1.336
141 10.0 -2.154 1.481
142 10.0 -2.109 1.584
143 10.0 -2.050 1.710
144 10.0 -1.976 1.835
145 10.0 -1.960 1.857
146 10.0 -1.813 1.968
147 10.0 -1.701 2.120
148 10.0 -1.634 2.178
149 10.0 -1.521 2.275
150 10.0 -1.295 2.448
151 10.0 -1.194 2.529
152 10.0 -0.978 2.679
153 10.0 -0.917 2.688
154 10.0 -0.793 2.757
155 10.0 -0.550 2.872
156 10.0 -0.188 3.050
157 10.0 -0.196 3.046
158 10.0 0.180 3.230
159 10.0 0.267 3.262
160 10.0 0.878 3.495
121 11.0 -1.600 -1.040
122 11.0 -1.685 -1.184
123 11.0 -1.619 -0.946
124 11.0 -1.564 -0.796
125 11.0 -1.566 -0.709
126 11.0 -1.570 -0.629
127 11.0 -1.569 -0.521
128 11.0 -1.576 -0.445
129 11.0 -1.563 -0.265
130 11.0 -1.580 -0.223
131 11.0 -1.571 -0.071
132 11.0 -1.575 -0.020
133 11.0 -1.583 0.038
134 11.0 -1.577 0.124
135 11.0 -1.591 0.228
136 11.0 -1.590 0.273
137 11.0 -1.617 0.352
138 11.0 -1.600 0.471
139 11.0 -1.617 0.489
140 11.0 -1.594 0.598
141 11.0 -1.589 0.677
142 11.0 -1.598 0.703
143 11.0 -1.574 0.801
144 11.0 -1.541 0.934
145 11.0 -1.519 0.977
146 11.0 -1.467 1.082
147 11.0 -1.391 1.221
148 11.0 -1.337 1.224
149 11.0 -1.262 1.309
150 11.0 -1.200 1.446
151 11.0 -1.168 1.448
152 11.0 -0.983 1.623
153 11.0 -0.795 1.791
154 11.0 -0.758 1.805
155 11.0 -0.626 1.907
156 11.0 -0.376 2.018
157 11.0 -0.109 2.181
158 11.0 -0.132 2.162
159 11.0 0.131 2.279
160 11.0 0.381 2.388
121 12.0 -3.330 -0.930
122 12.0 -3.550 -0.905
123 12.0 -3.377 -0.841
124 12.0 -3.314 -0.781
125 12.0 -3.303 -0.716
126 12.0 -3.298 -0.614
127 12.0 -3.291 -0.486
128 12.0 -3.303 -0.392
129 12.0 -3.296 -0.321
130 12.0 -3.302 -0.167
131 12.0 -3.306 -0.010
132 12.0 -3.308 0.084
133 12.0 -3.317 0.148
134 12.0 -3.318 0.297
135 12.0 -3.314 0.467
136 12.0 -3.321 0.493
137 12.0 -3.291 0.695
138 12.0 -3.272 0.910
139 12.0 -3.268 1.015
140 12.0 -3.238 1.197
141 12.0 -3.166 1.400
142 12.0 -3.138 1.577
143 12.0 -3.071 1.637
144 12.0 -2.969 1.892
145 12.0 -2.926 1.996
146 12.0 -2.815 2.161
147 12.0 -2.646 2.411
148 12.0 -2.575 2.497
149 12.0 -2.408 2.660
150 12.0 -2.233 2.837
151 12.0 -2.110 2.924
152 12.0 -2.041 2.990
153 12.0 -1.952 3.042
154 12.0 -1.708 3.221
155 12.0 -1.365 3.437
156 12.0 -1.017 3.634
157 12.0 -1.068 3.620
158 12.0 -0.585 3.852
159 12.0 -0.590 3.883
160 12.0 -0.341 3.932
161 13.0 -2.430 -0.490
162 13.0 -2.342 -0.961
163 13.0 -2.434 -0.417
164 13.0 -2.434 -0.294
165 13.0 -2.420 -0.140
166 13.0 -2.405 -0.064
167 13.0 -2.422 0.020
168 13.0 -2.434 0.092
169 13.0 -2.416 0.229
170 13.0 -2.416 0.349
171 13.0 -2.423 0.422
172 13.0 -2.399 0.566
173 13.0 -2.405 0.665
174 13.0 -2.411 0.827
175 13.0 -2.359 0.852
176 13.0 -2.361 0.944
177 13.0 -2.339 1.044
178 13.0 -2.311 1.132
179 13.0 -2.270 1.263
180 13.0 -2.182 1.380
181 13.0 -2.144 1.544
182 13.0 -2.115 1.549
183 13.0 -2.069 1.646
184 13.0 -1.983 1.814
185 13.0 -1.959 1.813
186 13.0 -1.833 1.949
187 13.0 -1.675 2.137
188 13.0 -1.528 2.205
189 13.0 -1.490 2.297
190 13.0 -1.326 2.400
191 13.0 -1.116 2.532
192 13.0 -0.928 2.676
193 13.0 -0.863 2.736
194 13.0 -0.801 2.745
195 13.0 -0.624 2.856
196 13.0 -0.424 2.970
197 13.0 -0.133 3.090
198 13.0 0.049 3.176
199 13.0 0.169 3.229
200 13.0 0.358 3.307
161 14.0 -1.600 -1.040
162 14.0 -1.578 -1.210
163 14.0 -1.587 -0.987
164 14.0 -1.563 -0.771
165 14.0 -1.557 -0.711
166 14.0 -1.571 -0.586
167 14.0 -1.553 -0.456
168 14.0 -1.584 -0.396
169 14.0 -1.572 -0.240
170 14.0 -1.574 -0.175
171 14.0 -1.581 -0.111
172 14.0 -1.588 -0.000
173 14.0 -1.587 0.105
174 14.0 -1.609 0.181
175 14.0 -1.597 0.282
176 14.0 -1.607 0.296
177 14.0 -1.604 0.379
178 14.0 -1.628 0.366
179 14.0 -1.614 0.458
180 14.0 -1.624 0.553
181 14.0 -1.601 0.606
182 14.0 -1.592 0.726
183 14.0 -1.575 0.797
184 14.0 -1.569 0.863
185 14.0 -1.545 0.933
186 14.0 -1.473 1.076
187 14.0 -1.415 1.119
188 14.0 -1.357 1.261
189 14.0 -1.362 1.239
190 14.0 -1.224 1.387
191 14.0 -1.129 1.458
192 14.0 -1.063 1.536
193 14.0 -0.875 1.716
194 14.0 -0.681 1.830
195 14.0 -0.475 1.975
196 14.0 -0.405 2.004
197 14.0 -0.391 2.014
198 14.0 -0.010 2.223
199 14.0 0.140 2.281
200 14.0 0.406 2.404
161 15.0 -3.330 -0.930
162 15.0 -3.542 -0.726
163 15.0 -3.310 -0.839
164 15.0 -3.318 -0.777
165 15.0 -3.301 -0.629
166 15.0 -3.289 -0.601
167 15.0 -3.296 -0.460
168 15.0 -3.303 -0.408
169 15.0 -3.293 -0.296
170 15.0 -3.296 -0.224
171 15.0 -3.310 -0.063
172 15.0 -3.307 0.111
173 15.0 -3.326 0.207
174 15.0 -3.319 0.247
175 15.0 -3.303 0.442
176 15.0 -3.303 0.612
177 15.0 -3.273 0.774
178 15.0 -3.290 0.851
179 15.0 -3.250 1.031
180 15.0 -3.199 1.289
181 15.0 -3.208 1.325
182 15.0 -3.126 1.570
183 15.0 -3.084 1.590
184 15.0 -2.979 1.826
185 15.0 -2.934 1.954
186 15.0 -2.881 2.055
187 15.0 -2.728 2.274
188 15.0 -2.618 2.424
189 15.0 -2.535 2.533
190 15.0 -2.304 2.779
191 15.0 -2.182 2.851
192 15.0 -2.052 2.979
193 15.0 -1.828 3.125
194 15.0 -1.742 3.209
195 15.0 -1.416 3.419
196 15.0 -1.096 3.597
197 15.0 -0.940 3.662
198 15.0 -0.590 3.842
199 15.0 -0.359 3.980
200 15.0 -0.605 3.777
201 16.0 -2.440 -0.490
202 16.0 -2.150 -0.484
203 16.0 -2.432 -0.257
204 16.0 -2.427 -0.316
205 16.0 -2.425 -0.109
206 16.0 -2.431 -0.113
207 16.0 -2.436 0.023
208 16.0 -2.439 0.139
209 16.0 -2.440 0.254
210 16.0 -2.428 0.357
211 16.0 -2.429 0.441
212 16.0 -2.425 0.556
213 16.0 -2.415 0.636
214 16.0 -2.405 0.728
215 16.0 -2.390 0.794
216 16.0 -2.363 0.944
217 16.0 -2.342 1.039
218 16.0 -2.296 1.164
219 16.0 -2.251 1.295
220 16.0 -2.200 1.410
221 16.0 -2.168 1.502
222 16.0 -2.139 1.550
223 16.0 -2.089 1.675
224 16.0 -2.009 1.806
225 16.0 -1.967 1.883
226 16.0 -1.789 2.089
227 16.0 -1.819 1.934
228 16.0 -1.764 2.109
229 16.0 -1.537 2.280
230 16.0 -1.407 2.370
231 16.0 -1.356 2.383
232 16.0 -1.151 2.568
233 16.0 -0.951 2.681
234 16.0 -0.830 2.733
235 16.0 -0.578 2.870
236 16.0 -0.270 3.038
237 16.0 -0.085 3.133
238 16.0 0.326 3.294
239 16.0 0.379 3.317
240 16.0 0.654 3.415
201 17.0 -1.600 -1.040
202 17.0 -1.675 -1.003
203 17.0 -1.582 -1.041
204 17.0 -1.583 -0.817
205 17.0 -1.570 -0.730
206 17.0 -1.573 -0.590
207 17.0 -1.556 -0.490
208 17.0 -1.552 -0.349
209 17.0 -1.565 -0.289
210 17.0 -1.567 -0.224
211 17.0 -1.568 -0.114
212 17.0 -1.574 -0.017
213 17.0 -1.600 0.087
214 17.0 -1.589 0.161
215 17.0 -1.583 0.251
216 17.0 -1.605 0.281
217 17.0 -1.596 0.372
218 17.0 -1.612 0.499
219 17.0 -1.610 0.463
220 17.0 -1.605 0.531
221 17.0 -1.610 0.604
222 17.0 -1.612 0.734
223 17.0 -1.579 0.786
224 17.0 -1.553 0.884
225 17.0 -1.534 0.912
226 17.0 -1.446 1.093
227 17.0 -1.411 1.128
228 17.0 -1.334 1.269
229 17.0 -1.282 1.333
230 17.0 -1.204 1.426
231 17.0 -1.118 1.464
232 17.0 -1.038 1.562
233 17.0 -0.872 1.733
234 17.0 -0.716 1.842
235 17.0 -0.458 1.959
236 17.0 -0.326 2.047
237 17.0 -0.220 2.091
238 17.0 0.000 2.185
239 17.0 0.201 2.319
240 17.0 0.465 2.420
201 18.0 -3.330 -0.930
202 18.0 -3.357 -0.951
203 18.0 -3.305 -0.733
204 18.0 -3.312 -0.764
205 18.0 -3.297 -0.686
206 18.0 -3.291 -0.536
207 18.0 -3.293 -0.459
208 18.0 -3.288 -0.393
209 18.0 -3.289 -0.266
210 18.0 -3.305 -0.160
211 18.0 -3.315 -0.021
212 18.0 -3.311 0.087
213 18.0 -3.313 0.192
214 18.0 -3.318 0.335
215 18.0 -3.311 0.557
216 18.0 -3.302 0.681
217 18.0 -3.288 0.828
218 18.0 -3.285 0.933
219 18.0 -3.249 1.029
220 18.0 -3.236 1.252
221 18.0 -3.179 1.406
222 18.0 -3.126 1.525
223 18.0 -3.030 1.751
224 18.0 -2.978 1.919
225 18.0 -2.873 2.091
226 18.0 -2.796 2.217
227 18.0 -2.773 2.269
228 18.0 -2.497 2.546
229 18.0 -2.401 2.662
230 18.0 -2.296 2.772
231 18.0 -2.123 2.921
232 18.0 -1.916 3.067
233 18.0 -1.790 3.159
234 18.0 -1.731 3.244
235 18.0 -1.538 3.370
236 18.0 -0.983 3.661
237 18.0 -0.788 3.681
238 18.0 -0.655 3.817
239 18.0 -0.477 3.897
240 18.0 0.030 4.078
241 19.0 -2.440 -0.490
242 19.0 -2.605 -0.587
243 19.0 -2.451 -0.525
244 19.0 -2.440 -0.305
245 19.0 -2.420 -0.189
246 19.0 -2.426 -0.082
247 19.0 -2.439 0.026
248 19.0 -2.433 0.127
249 19.0 -2.432 0.230
250 19.0 -2.435 0.308
251 19.0 -2.431 0.423
252 19.0 -2.422 0.523
253 19.0 -2.409 0.648
254 19.0 -2.399 0.721
255 19.0 -2.385 0.796
256 19.0 -2.334 1.007
257 19.0 -2.305 1.114
258 19.0 -2.321 1.115
259 19.0 -2.286 1.250
260 19.0 -2.224 1.338
261 19.0 -2.213 1.437
262 19.0 -2.161 1.545
263 19.0 -2.070 1.683
264 19.0 -1.949 1.829
265 19.0 -1.881 1.943
266 19.0 -1.820 1.981
267 19.0 -1.768 2.064
268 19.0 -1.602 2.172
269 19.0 -1.523 2.262
270 19.0 -1.359 2.397
271 19.0 -1.121 2.584
272 19.0 -1.085 2.593
273 19.0 -0.727 2.804
274 19.0 -0.783 2.763
275 19.0 -0.630 2.849
276 19.0 -0.322 3.002
277 19.0 -0.100 3.105
278 19.0 0.076 3.182
279 19.0 0.372 3.290
280 19.0 0.676 3.399
241 20.0 -1.600 -1.040
242 20.0 -1.560 -1.116
243 20.0 -1.590 -1.024
244 20.0 -1.560 -0.811
245 20.0 -1.561 -0.717
246 20.0 -1.562 -0.580
247 20.0 -1.563 -0.485
248 20.0 -1.560 -0.386
249 20.0 -1.573 -0.294
250 20.0 -1.581 -0.190
251 20.0 -1.576 -0.074
252 20.0 -1.579 -0.024
253 20.0 -1.586 0.095
254 20.0 -1.588 0.114
255 20.0 -1.599 0.243
256 20.0 -1.612 0.270
257 20.0 -1.606 0.347
258 20.0 -1.613 0.452
259 20.0 -1.626 0.494
260 20.0 -1.620 0.570
261 20.0 -1.608 0.669
262 20.0 -1.587 0.742
263 20.0 -1.569 0.824
264 20.0 -1.563 0.845
265 20.0 -1.515 0.969
266 20.0 -1.482 0.990
267 20.0 -1.432 1.121
268 20.0 -1.360 1.199
269 20.0 -1.270 1.354
270 20.0 -1.233 1.359
271 20.0 -1.171 1.481
272 20.0 -1.000 1.625
273 20.0 -0.846 1.729
274 20.0 -0.678 1.851
275 20.0 -0.627 1.835
276 20.0 -0.395 2.011
277 20.0 -0.168 2.108
278 20.0 0.004 2.177
279 20.0 0.107 2.244
280 20.0 0.457 2.400
241 21.0 -3.330 -0.940
242 21.0 -3.230 -0.656
243 21.0 -3.296 -0.784
244 21.0 -3.304 -0.747
245 21.0 -3.307 -0.660
246 21.0 -3.308 -0.521
247 21.0 -3.298 -0.472
248 21.0 -3.300 -0.356
249 21.0 -3.309 -0.265
250 21.0 -3.313 -0.114
251 21.0 -3.301 -0.041
252 21.0 -3.326 0.072
253 21.0 -3.322 0.212
254 21.0 -3.310 0.393
255 21.0 -3.312 0.535
256 21.0 -3.301 0.612
257 21.0 -3.276 0.780
258 21.0 -3.248 0.993
259 21.0 -3.240 1.092
260 21.0 -3.202 1.296
261 21.0 -3.163 1.418
262 21.0 -3.103 1.548
263 21.0 -3.016 1.816
264 21.0 -2.955 1.923
265 21.0 -2.880 2.067
266 21.0 -2.767 2.200
267 21.0 -2.698 2.298
268 21.0 -2.671 2.318
269 21.0 -2.497 2.531
270 21.0 -2.331 2.706
271 21.0 -2.229 2.812
272 21.0 -2.066 2.961
273 21.0 -1.873 3.091
274 21.0 -1.712 3.219
275 21.0 -1.288 3.449
276 21.0 -1.121 3.583
277 21.0 -1.007 3.644
278 21.0 -0.526 3.847
279 21.0 -0.390 3.959
280 21.0 -0.323 3.997
281 22.0 -2.430 -0.490
282 22.0 -2.372 -0.189
283 22.0 -2.452 -0.513
284 22.0 -2.428 -0.325
285 22.0 -2.411 -0.201
286 22.0 -2.412 -0.073
287 22.0 -2.423 -0.011
288 22.0 -2.425 0.124
289 22.0 -2.416 0.223
290 22.0 -2.417 0.296
291 22.0 -2.426 0.431
292 22.0 -2.420 0.555
293 22.0 -2.391 0.600
294 22.0 -2.396 0.692
295 22.0 -2.374 0.807
296 22.0 -2.344 0.922
297 22.0 -2.353 1.014
298 22.0 -2.277 1.203
299 22.0 -2.271 1.224
300 22.0 -2.222 1.352
301 22.0 -2.176 1.455
302 22.0 -2.120 1.595
303 22.0 -2.096 1.615
304 22.0 -2.021 1.710
305 22.0 -1.957 1.829
306 22.0 -1.829 1.954
307 22.0 -1.746 2.033
308 22.0 -1.584 2.202
309 22.0 -1.553 2.195
310 22.0 -1.439 2.339
311 22.0 -1.219 2.481
312 22.0 -1.015 2.607
313 22.0 -1.000 2.645
314 22.0 -0.827 2.718
315 22.0 -0.667 2.823
316 22.0 -0.233 3.036
317 22.0 0.011 3.148
318 22.0 0.105 3.184
319 22.0 0.293 3.269
320 22.0 0.790 3.472
281 23.0 -1.600 -1.050
282 23.0 -1.433 -0.796
283 23.0 -1.534 -0.997
284 23.0 -1.576 -0.877
285 23.0 -1.560 -0.671
286 23.0 -1.567 -0.587
287 23.0 -1.580 -0.500
288 23.0 -1.572 -0.417
289 23.0 -1.568 -0.290
290 23.0 -1.577 -0.231
291 23.0 -1.579 -0.103
292 23.0 -1.581 -0.055
293 23.0 -1.604 0.080
294 23.0 -1.591 0.159
295 23.0 -1.600 0.180
296 23.0 -1.585 0.276
297 23.0 -1.605 0.365
298 23.0 -1.608 0.424
299 23.0 -1.606 0.526
300 23.0 -1.613 0.531
301 23.0 -1.601 0.703
302 23.0 -1.611 0.631
303 23.0 -1.572 0.808
304 23.0 -1.538 0.857
305 23.0 -1.527 0.909
306 23.0 -1.508 1.024
307 23.0 -1.437 1.126
308 23.0 -1.384 1.184
309 23.0 -1.273 1.320
310 23.0 -1.237 1.366
311 23.0 -1.117 1.493
312 23.0 -1.065 1.535
313 23.0 -0.842 1.685
314 23.0 -0.736 1.785
315 23.0 -0.627 1.809
316 23.0 -0.451 1.926
317 23.0 -0.240 2.101
318 23.0 0.088 2.255
319 23.0 0.265 2.311
320 23.0 0.397 2.377
281 24.0 -3.330 -0.930
282 24.0 -3.160 -0.524
283 24.0 -3.300 -0.791
284 24.0 -3.315 -0.778
285 24.0 -3.292 -0.572
286 24.0 -3.297 -0.577
287 24.0 -3.291 -0.457
288 24.0 -3.298 -0.320
289 24.0 -3.300 -0.155
290 24.0 -3.308 -0.069
291 24.0 -3.316 0.060
292 24.0 -3.310 0.227
293 24.0 -3.323 0.281
294 24.0 -3.317 0.345
295 24.0 -3.307 0.579
296 24.0 -3.297 0.690
297 24.0 -3.277 0.878
298 24.0 -3.267 0.942
299 24.0 -3.251 1.117
300 24.0 -3.209 1.319
301 24.0 -3.176 1.421
302 24.0 -3.119 1.493
303 24.0 -3.070 1.736
304 24.0 -3.020 1.803
305 24.0 -2.959 1.927
306 24.0 -2.798 2.145
307 24.0 -2.742 2.259
308 24.0 -2.594 2.434
309 24.0 -2.509 2.571
310 24.0 -2.412 2.641
311 24.0 -2.110 2.945
312 24.0 -1.972 3.044
313 24.0 -1.867 3.134
314 24.0 -1.561 3.315
315 24.0 -1.360 3.451
316 24.0 -1.242 3.529
317 24.0 -0.994 3.631
318 24.0 -0.493 3.853
319 24.0 -0.366 3.935
320 24.0 -0.522 3.842
321 25.0 -2.490 -0.490
322 25.0 -2.478 -0.702
323 25.0 -2.487 -0.552
324 25.0 -2.473 -0.318
325 25.0 -2.480 -0.224
326 25.0 -2.477 -0.060
327 25.0 -2.479 0.063
328 25.0 -2.480 0.105
329 25.0 -2.475 0.264
330 25.0 -2.486 0.405
331 25.0 -2.475 0.426
332 25.0 -2.456 0.520
333 25.0 -2.441 0.672
334 25.0 -2.431 0.806
335 25.0 -2.395 0.877
336 25.0 -2.370 1.003
337 25.0 -2.383 1.081
338 25.0 -2.335 1.194
339 25.0 -2.289 1.348
340 25.0 -2.228 1.466
341 25.0 -2.170 1.585
342 25.0 -2.144 1.620
343 25.0 -2.027 1.819
344 25.0 -1.889 1.899
345 25.0 -1.849 2.028
346 25.0 -1.770 2.088
347 25.0 -1.589 2.241
348 25.0 -1.498 2.287
349 25.0 -1.390 2.411
350 25.0 -1.221 2.531
351 25.0 -1.046 2.640
352 25.0 -0.974 2.693
353 25.0 -0.668 2.841
354 25.0 -0.616 2.858
355 25.0 -0.547 2.904
356 25.0 -0.144 3.112
357 25.0 -0.084 3.123
358 25.0 0.104 3.232
359 25.0 0.504 3.378
360 25.0 0.780 3.492
321 26.0 -1.600 -0.950
322 26.0 -1.420 -1.014
323 26.0 -1.564 -0.899
324 26.0 -1.589 -0.764
325 26.0 -1.582 -0.632
326 26.0 -1.574 -0.543
327 26.0 -1.576 -0.395
328 26.0 -1.570 -0.258
329 26.0 -1.570 -0.186
330 26.0 -1.564 -0.129
331 26.0 -1.577 -0.091
332 26.0 -1.574 0.056
333 26.0 -1.595 0.076
334 26.0 -1.584 0.249
335 26.0 -1.605 0.195
336 26.0 -1.605 0.369
337 26.0 -1.610 0.398
338 26.0 -1.603 0.489
339 26.0 -1.599 0.651
340 26.0 -1.608 0.665
341 26.0 -1.597 0.745
342 26.0 -1.615 0.764
343 26.0 -1.597 0.831
344 26.0 -1.557 0.940
345 26.0 -1.514 1.030
346 26.0 -1.487 1.104
347 26.0 -1.381 1.281
348 26.0 -1.332 1.336
349 26.0 -1.259 1.401
350 26.0 -1.124 1.560
351 26.0 -1.071 1.605
352 26.0 -0.898 1.783
353 26.0 -0.922 1.724
354 26.0 -0.666 1.927
355 26.0 -0.635 1.879
356 26.0 -0.419 2.039
357 26.0 -0.176 2.214
358 26.0 0.098 2.323
359 26.0 0.344 2.411
360 26.0 0.533 2.520
321 27.0 -3.330 -1.020
322 27.0 -3.540 -1.168
323 27.0 -3.382 -0.710
324 27.0 -3.284 -0.686
325 27.0 -3.297 -0.680
326 27.0 -3.298 -0.600
327 27.0 -3.296 -0.504
328 27.0 -3.304 -0.334
329 27.0 -3.305 -0.253
330 27.0 -3.322 -0.117
331 27.0 -3.314 0.077
332 27.0 -3.321 0.209
333 27.0 -3.308 0.307
334 27.0 -3.305 0.458
335 27.0 -3.306 0.668
336 27.0 -3.282 0.802
337 27.0 -3.254 0.999
338 27.0 -3.226 1.124
339 27.0 -3.201 1.226
340 27.0 -3.137 1.367
341 27.0 -3.133 1.473
342 27.0 -3.072 1.596
343 27.0 -2.995 1.756
344 27.0 -2.864 2.013
345 27.0 -2.773 2.144
346 27.0 -2.689 2.250
347 27.0 -2.487 2.474
348 27.0 -2.453 2.508
349 27.0 -2.272 2.686
350 27.0 -2.258 2.720
351 27.0 -2.030 2.908
352 27.0 -1.752 3.095
353 27.0 -1.661 3.201
354 27.0 -1.474 3.297
355 27.0 -1.264 3.430
356 27.0 -1.085 3.541
357 27.0 -0.771 3.687
358 27.0 -0.695 3.728
359 27.0 -0.546 3.799
360 27.0 -0.122 3.978
361 28.0 -2.430 -0.490
362 28.0 -2.207 0.182
363 28.0 -2.426 -0.455
364 28.0 -2.424 -0.289
365 28.0 -2.410 -0.218
366 28.0 -2.417 -0.138
367 28.0 -2.425 0.022
368 28.0 -2.434 0.109
369 28.0 -2.422 0.204
370 28.0 -2.432 0.276
371 28.0 -2.413 0.381
372 28.0 -2.404 0.509
373 28.0 -2.396 0.625
374 28.0 -2.383 0.681
375 28.0 -2.386 0.779
376 28.0 -2.327 0.987
377 28.0 -2.341 0.980
378 28.0 -2.334 1.056
379 28.0 -2.294 1.145
380 28.0 -2.225 1.299
381 28.0 -2.195 1.413
382 28.0 -2.145 1.513
383 28.0 -2.063 1.607
384 28.0 -2.062 1.641
385 28.0 -1.968 1.824
386 28.0 -1.880 1.964
387 28.0 -1.788 2.033
388 28.0 -1.684 2.123
389 28.0 -1.496 2.248
390 28.0 -1.424 2.339
391 28.0 -1.290 2.433
392 28.0 -1.126 2.559
393 28.0 -0.873 2.730
394 28.0 -0.910 2.699
395 28.0 -0.529 2.875
396 28.0 -0.157 3.063
397 28.0 -0.293 3.035
398 28.0 -0.080 3.083
399 28.0 0.433 3.309
400 28.0 0.602 3.390
361 29.0 -1.600 -1.040
362 29.0 -1.746 -1.174
363 29.0 -1.573 -0.991
364 29.0 -1.585 -0.810
365 29.0 -1.576 -0.655
366 29.0 -1.566 -0.528
367 29.0 -1.569 -0.490
368 29.0 -1.563 -0.386
369 29.0 -1.567 -0.297
370 29.0 -1.574 -0.157
371 29.0 -1.572 -0.093
372 29.0 -1.581 -0.020
373 29.0 -1.588 0.057
374 29.0 -1.609 0.096
375 29.0 -1.604 0.163
376 29.0 -1.611 0.266
377 29.0 -1.606 0.290
378 29.0 -1.608 0.397
379 29.0 -1.617 0.454
380 29.0 -1.622 0.582
381 29.0 -1.615 0.637
382 29.0 -1.602 0.666
383 29.0 -1.580 0.769
384 29.0 -1.549 0.920
385 29.0 -1.502 0.939
386 29.0 -1.468 1.069
387 29.0 -1.446 1.130
388 29.0 -1.357 1.240
389 29.0 -1.260 1.342
390 29.0 -1.174 1.499
391 29.0 -1.052 1.538
392 29.0 -1.040 1.566
393 29.0 -0.902 1.663
394 29.0 -0.813 1.750
395 29.0 -0.503 1.923
396 29.0 -0.376 1.979
397 29.0 -0.091 2.141
398 29.0 0.255 2.341
399 29.0 0.153 2.290
400 29.0 0.311 2.326
361 30.0 -3.330 -0.930
362 30.0 -3.314 -0.251
363 30.0 -3.345 -0.801
364 30.0 -3.304 -0.770
365 30.0 -3.307 -0.715
366 30.0 -3.303 -0.538
367 30.0 -3.287 -0.467
368 30.0 -3.299 -0.368
369 30.0 -3.292 -0.210
370 30.0 -3.299 -0.169
371 30.0 -3.309 -0.060
372 30.0 -3.311 0.144
373 30.0 -3.306 0.241
374 30.0 -3.318 0.309
375 30.0 -3.337 0.468
376 30.0 -3.304 0.608
377 30.0 -3.300 0.693
378 30.0 -3.263 0.900
379 30.0 -3.280 1.082
380 30.0 -3.206 1.301
381 30.0 -3.166 1.451
382 30.0 -3.124 1.565
383 30.0 -3.035 1.725
384 30.0 -2.944 1.935
385 30.0 -2.870 2.030
386 30.0 -2.757 2.265
387 30.0 -2.628 2.442
388 30.0 -2.478 2.567
389 30.0 -2.314 2.746
390 30.0 -2.232 2.809
391 30.0 -2.078 2.966
392 30.0 -1.906 3.085
393 30.0 -1.738 3.217
394 30.0 -1.636 3.292
395 30.0 -1.298 3.495
396 30.0 -0.994 3.643
397 30.0 -0.744 3.776
398 30.0 -0.749 3.777
399 30.0 -0.180 4.023
400 30.0 0.027 4.080
