1 1.0 -2.440 -0.490
2 1.0 -2.481 -0.566
3 1.0 -2.443 -0.398
4 1.0 -2.423 -0.283
5 1.0 -2.432 -0.151
6 1.0 -2.411 -0.079
7 1.0 -2.411 0.064
8 1.0 -2.413 0.112
9 1.0 -2.413 0.188
10 1.0 -2.419 0.337
11 1.0 -2.411 0.458
12 1.0 -2.393 0.556
13 1.0 -2.404 0.614
14 1.0 -2.399 0.739
15 1.0 -2.371 0.913
16 1.0 -2.365 1.170
17 1.0 -2.439 0.865
18 1.0 -2.366 1.108
19 1.0 -2.329 1.297
20 1.0 -2.186 1.327
21 1.0 -2.334 1.408
22 1.0 -2.148 1.572
23 1.0 -2.018 1.734
24 1.0 -2.051 1.742
25 1.0 -1.963 1.706
26 1.0 -1.849 1.849
27 1.0 -1.749 2.058
28 1.0 -1.748 2.062
29 1.0 -1.595 2.182
30 1.0 -1.427 2.316
31 1.0 -1.205 2.511
32 1.0 -0.989 2.634
33 1.0 -0.860 2.728
34 1.0 -0.650 2.830
35 1.0 -0.647 2.818
36 1.0 -0.378 2.984
37 1.0 -0.242 3.056
38 1.0 0.288 3.265
39 1.0 0.306 3.321
40 1.0 0.368 3.316
1 2.0 -1.600 -1.040
2 2.0 -1.459 -1.189
3 2.0 -1.574 -0.910
4 2.0 -1.580 -0.787
5 2.0 -1.580 -0.724
6 2.0 -1.578 -0.657
7 2.0 -1.561 -0.550
8 2.0 -1.595 -0.428
9 2.0 -1.581 -0.227
10 2.0 -1.593 -0.153
11 2.0 -1.575 -0.089
12 2.0 -1.586 -0.048
13 2.0 -1.581 0.132
14 2.0 -1.564 0.177
15 2.0 -1.606 0.229
16 2.0 -1.583 0.391
17 2.0 -1.607 0.403
18 2.0 -1.556 0.535
19 2.0 -1.634 0.438
20 2.0 -1.554 0.483
21 2.0 -1.602 0.634
22 2.0 -1.515 0.745
23 2.0 -1.564 0.758
24 2.0 -1.554 1.003
25 2.0 -1.571 0.956
26 2.0 -1.609 0.914
27 2.0 -1.556 1.129
28 2.0 -1.515 1.125
29 2.0 -1.403 1.240
30 2.0 -1.336 1.367
31 2.0 -1.141 1.454
32 2.0 -1.110 1.457
33 2.0 -0.927 1.600
34 2.0 -0.799 1.752
35 2.0 -0.647 1.897
36 2.0 -0.359 2.017
37 2.0 -0.382 2.014
38 2.0 -0.232 2.064
39 2.0 -0.103 2.162
40 2.0 0.312 2.326
1 3.0 -3.330 -0.930
2 3.0 -3.024 -0.920
3 3.0 -3.304 -0.867
4 3.0 -3.308 -0.714
5 3.0 -3.289 -0.553
6 3.0 -3.294 -0.581
7 3.0 -3.294 -0.504
8 3.0 -3.320 -0.434
9 3.0 -3.297 -0.230
10 3.0 -3.307 -0.150
11 3.0 -3.315 -0.053
12 3.0 -3.299 0.061
13 3.0 -3.340 0.184
14 3.0 -3.282 0.279
15 3.0 -3.305 0.410
16 3.0 -3.286 0.477
17 3.0 -3.321 0.591
18 3.0 -3.300 0.889
19 3.0 -3.203 1.070
20 3.0 -3.250 1.336
21 3.0 -3.205 1.302
22 3.0 -3.037 1.573
23 3.0 -3.048 1.837
24 3.0 -2.954 1.811
25 3.0 -2.970 1.896
26 3.0 -2.835 2.180
27 3.0 -2.662 2.441
28 3.0 -2.552 2.470
29 3.0 -2.377 2.690
30 3.0 -2.301 2.728
31 3.0 -2.171 2.820
32 3.0 -2.167 2.844
33 3.0 -1.780 3.197
34 3.0 -1.846 3.108
35 3.0 -1.494 3.400
36 3.0 -0.881 3.705
37 3.0 -0.786 3.767
38 3.0 -0.797 3.744
39 3.0 -0.623 3.850
40 3.0 -0.568 3.872
41 4.0 -2.440 -0.490
42 4.0 -2.453 -0.858
43 4.0 -2.474 -0.444
44 4.0 -2.430 -0.305
45 4.0 -2.412 -0.177
46 4.0 -2.413 -0.064
47 4.0 -2.428 -0.054
48 4.0 -2.418 0.163
49 4.0 -2.400 0.236
50 4.0 -2.425 0.408
51 4.0 -2.424 0.432
52 4.0 -2.411 0.541
53 4.0 -2.421 0.664
54 4.0 -2.462 0.707
55 4.0 -2.433 0.846
56 4.0 -2.385 1.037
57 4.0 -2.382 1.002
58 4.0 -2.254 1.148
59 4.0 -2.265 1.248
60 4.0 -2.261 1.413
61 4.0 -2.188 1.557
62 4.0 -2.123 1.589
63 4.0 -2.107 1.661
64 4.0 -2.061 1.773
65 4.0 -1.884 1.981
66 4.0 -1.997 1.887
67 4.0 -1.815 2.058
68 4.0 -1.630 2.169
69 4.0 -1.403 2.345
70 4.0 -1.338 2.417
71 4.0 -1.232 2.455
72 4.0 -1.078 2.574
73 4.0 -0.738 2.766
74 4.0 -0.503 2.880
75 4.0 -0.287 3.021
76 4.0 -0.305 2.993
77 4.0 0.122 3.179
78 4.0 0.334 3.252
79 4.0 0.435 3.327
80 4.0 0.279 3.275
41 5.0 -1.600 -1.040
42 5.0 -1.486 -0.802
43 5.0 -1.575 -0.945
44 5.0 -1.581 -0.812
45 5.0 -1.580 -0.702
46 5.0 -1.572 -0.601
47 5.0 -1.575 -0.523
48 5.0 -1.566 -0.409
49 5.0 -1.568 -0.354
50 5.0 -1.585 -0.204
51 5.0 -1.576 -0.127
52 5.0 -1.592 -0.034
53 5.0 -1.605 0.108
54 5.0 -1.590 0.208
55 5.0 -1.579 0.359
56 5.0 -1.581 0.521
57 5.0 -1.562 0.459
58 5.0 -1.627 0.408
59 5.0 -1.559 0.658
60 5.0 -1.544 0.777
61 5.0 -1.566 0.711
62 5.0 -1.622 0.612
63 5.0 -1.555 0.826
64 5.0 -1.487 0.859
65 5.0 -1.558 0.947
66 5.0 -1.659 0.809
67 5.0 -1.581 0.851
68 5.0 -1.407 1.231
69 5.0 -1.389 1.050
70 5.0 -1.294 1.269
71 5.0 -1.059 1.534
72 5.0 -1.093 1.533
73 5.0 -0.802 1.767
74 5.0 -0.692 1.808
75 5.0 -0.624 1.824
76 5.0 -0.351 2.036
77 5.0 -0.210 2.080
78 5.0 0.243 2.293
79 5.0 0.120 2.269
80 5.0 0.680 2.473
41 6.0 -3.330 -0.940
42 6.0 -3.412 -1.223
43 6.0 -3.345 -0.791
44 6.0 -3.291 -0.837
45 6.0 -3.279 -0.629
46 6.0 -3.310 -0.495
47 6.0 -3.310 -0.414
48 6.0 -3.288 -0.319
49 6.0 -3.311 -0.323
50 6.0 -3.283 -0.063
51 6.0 -3.322 -0.071
52 6.0 -3.306 0.028
53 6.0 -3.273 0.212
54 6.0 -3.309 0.325
55 6.0 -3.327 0.455
56 6.0 -3.249 0.509
57 6.0 -3.283 0.632
58 6.0 -3.298 0.819
59 6.0 -3.286 0.864
60 6.0 -3.225 1.015
61 6.0 -3.132 1.240
62 6.0 -3.123 1.336
63 6.0 -3.044 1.681
64 6.0 -3.013 1.703
65 6.0 -2.865 2.000
66 6.0 -2.788 2.232
67 6.0 -2.681 2.233
68 6.0 -2.552 2.538
69 6.0 -2.455 2.597
70 6.0 -2.256 2.738
71 6.0 -2.134 2.877
72 6.0 -2.105 2.940
73 6.0 -1.729 3.229
74 6.0 -1.501 3.354
75 6.0 -1.591 3.380
76 6.0 -1.181 3.558
77 6.0 -0.798 3.755
78 6.0 -0.568 3.837
79 6.0 -0.408 3.891
80 6.0 -0.189 4.040
81 7.0 -2.440 -0.490
82 7.0 -2.440 -0.534
83 7.0 -2.488 -0.401
84 7.0 -2.427 -0.295
85 7.0 -2.416 -0.169
86 7.0 -2.416 -0.122
87 7.0 -2.415 -0.055
88 7.0 -2.425 0.102
89 7.0 -2.425 0.275
90 7.0 -2.414 0.264
91 7.0 -2.397 0.431
92 7.0 -2.428 0.549
93 7.0 -2.430 0.638
94 7.0 -2.423 0.758
95 7.0 -2.449 0.729
96 7.0 -2.393 0.954
97 7.0 -2.434 1.046
98 7.0 -2.430 1.026
99 7.0 -2.354 1.247
100 7.0 -2.293 1.224
101 7.0 -2.190 1.545
102 7.0 -2.052 1.658
103 7.0 -2.005 1.650
104 7.0 -2.010 1.684
105 7.0 -1.901 1.829
106 7.0 -1.749 1.986
107 7.0 -1.692 2.088
108 7.0 -1.568 2.217
109 7.0 -1.373 2.337
110 7.0 -1.282 2.492
111 7.0 -1.120 2.574
112 7.0 -0.855 2.704
113 7.0 -0.681 2.802
114 7.0 -0.561 2.879
115 7.0 -0.450 2.903
116 7.0 -0.031 3.123
117 7.0 0.202 3.252
118 7.0 0.347 3.275
119 7.0 0.410 3.345
120 7.0 0.299 3.304
81 8.0 -1.600 -1.040
82 8.0 -1.524 -0.822
83 8.0 -1.613 -0.906
84 8.0 -1.589 -0.802
85 8.0 -1.574 -0.735
86 8.0 -1.570 -0.672
87 8.0 -1.593 -0.508
88 8.0 -1.592 -0.331
89 8.0 -1.589 -0.260
90 8.0 -1.578 -0.193
91 8.0 -1.576 -0.072
92 8.0 -1.581 -0.018
93 8.0 -1.582 0.031
94 8.0 -1.572 0.104
95 8.0 -1.576 0.161
96 8.0 -1.625 0.258
97 8.0 -1.623 0.422
98 8.0 -1.577 0.500
99 8.0 -1.606 0.470
100 8.0 -1.520 0.671
101 8.0 -1.611 0.754
102 8.0 -1.576 0.963
103 8.0 -1.483 1.071
104 8.0 -1.582 1.005
105 8.0 -1.508 1.081
106 8.0 -1.432 1.077
107 8.0 -1.341 1.225
108 8.0 -1.380 1.179
109 8.0 -1.254 1.315
110 8.0 -1.232 1.356
111 8.0 -1.108 1.499
112 8.0 -0.895 1.645
113 8.0 -0.934 1.554
114 8.0 -0.660 1.798
115 8.0 -0.652 1.831
116 8.0 -0.373 1.999
117 8.0 -0.241 2.034
118 8.0 0.050 2.205
119 8.0 0.321 2.345
120 8.0 0.441 2.410
81 9.0 -3.330 -0.940
82 9.0 -3.324 -0.873
83 9.0 -3.331 -0.843
84 9.0 -3.313 -0.696
85 9.0 -3.293 -0.632
86 9.0 -3.278 -0.576
87 9.0 -3.326 -0.499
88 9.0 -3.291 -0.388
89 9.0 -3.305 -0.235
90 9.0 -3.307 -0.201
91 9.0 -3.308 -0.029
92 9.0 -3.317 -0.001
93 9.0 -3.311 0.149
94 9.0 -3.310 0.272
95 9.0 -3.316 0.340
96 9.0 -3.301 0.459
97 9.0 -3.296 0.752
98 9.0 -3.257 0.756
99 9.0 -3.280 0.928
100 9.0 -3.212 1.045
101 9.0 -3.157 1.307
102 9.0 -3.089 1.317
103 9.0 -3.042 1.596
104 9.0 -2.983 1.588
105 9.0 -2.903 1.984
106 9.0 -2.849 1.980
107 9.0 -2.728 2.229
108 9.0 -2.601 2.450
109 9.0 -2.318 2.720
110 9.0 -2.299 2.777
111 9.0 -2.006 3.059
112 9.0 -1.989 3.037
113 9.0 -1.756 3.192
114 9.0 -1.692 3.260
115 9.0 -1.315 3.471
116 9.0 -0.976 3.645
117 9.0 -0.810 3.771
118 9.0 -0.621 3.868
119 9.0 -0.554 3.876
120 9.0 -0.310 3.935
121 10.0 -2.430 -0.490
122 10.0 -2.639 -0.369
123 10.0 -2.419 -0.439
124 10.0 -2.416 -0.276
125 10.0 -2.428 -0.218
126 10.0 -2.401 -0.151
127 10.0 -2.409 -0.001
128 10.0 -2.413 0.100
129 10.0 -2.424 0.235
130 10.0 -2.406 0.316
131 10.0 -2.425 0.411
132 10.0 -2.433 0.590
133 10.0 -2.430 0.579
134 10.0 -2.419 0.612
135 10.0 -2.377 0.766
136 10.0 -2.374 0.921
137 10.0 -2.424 0.979
138 10.0 -2.355 1.218
139 10.0 -2.295 1.294
140 10.0 -2.227 1.484
141 10.0 -2.261 1.480
142 10.0 -2.188 1.735
143 10.0 -2.082 1.922
144 10.0 -1.975 1.996
145 10.0 -1.969 2.108
146 10.0 -1.895 2.200
147 10.0 -1.787 2.241
148 10.0 -1.550 2.332
149 10.0 -1.471 2.345
150 10.0 -1.411 2.353
151 10.0 -1.334 2.424
152 10.0 -1.123 2.546
153 10.0 -0.955 2.666
154 10.0 -0.740 2.767
155 10.0 -0.709 2.796
156 10.0 -0.308 2.979
157 10.0 -0.249 2.994
158 10.0 0.110 3.177
159 10.0 0.366 3.260
160 10.0 0.547 3.342
121 11.0 -1.600 -1.040
122 11.0 -1.299 -1.252
123 11.0 -1.540 -0.949
124 11.0 -1.586 -0.845
125 11.0 -1.607 -0.750
126 11.0 -1.568 -0.601
127 11.0 -1.577 -0.587
128 11.0 -1.577 -0.424
129 11.0 -1.578 -0.323
130 11.0 -1.574 -0.232
131 11.0 -1.562 -0.074
132 11.0 -1.556 -0.035
133 11.0 -1.590 -0.007
134 11.0 -1.584 0.107
135 11.0 -1.603 0.169
136 11.0 -1.590 0.356
137 11.0 -1.560 0.492
138 11.0 -1.567 0.623
139 11.0 -1.593 0.609
140 11.0 -1.588 0.657
141 11.0 -1.557 0.696
142 11.0 -1.601 0.683
143 11.0 -1.589 0.634
144 11.0 -1.578 0.929
145 11.0 -1.516 0.981
146 11.0 -1.501 1.063
147 11.0 -1.540 0.930
148 11.0 -1.568 0.954
149 11.0 -1.354 1.249
150 11.0 -1.223 1.366
151 11.0 -1.066 1.543
152 11.0 -1.051 1.559
153 11.0 -0.819 1.733
154 11.0 -0.635 1.855
155 11.0 -0.479 1.951
156 11.0 -0.411 1.999
157 11.0 -0.060 2.157
158 11.0 0.110 2.257
159 11.0 -0.028 2.169
160 11.0 0.342 2.369
121 12.0 -3.330 -0.930
122 12.0 -3.349 -1.090
123 12.0 -3.353 -0.793
124 12.0 -3.332 -0.710
125 12.0 -3.327 -0.659
126 12.0 -3.282 -0.552
127 12.0 -3.316 -0.420
128 12.0 -3.311 -0.373
129 12.0 -3.321 -0.234
130 12.0 -3.313 -0.200
131 12.0 -3.306 -0.021
132 12.0 -3.339 0.034
133 12.0 -3.327 0.193
134 12.0 -3.320 0.223
135 12.0 -3.299 0.397
136 12.0 -3.314 0.447
137 12.0 -3.347 0.637
138 12.0 -3.263 0.930
139 12.0 -3.325 0.900
140 12.0 -3.308 1.137
141 12.0 -3.119 1.388
142 12.0 -3.094 1.612
143 12.0 -3.121 1.660
144 12.0 -2.973 2.010
145 12.0 -2.855 2.198
146 12.0 -2.873 2.116
147 12.0 -2.649 2.407
148 12.0 -2.637 2.397
149 12.0 -2.409 2.680
150 12.0 -2.233 2.793
151 12.0 -2.204 2.838
152 12.0 -2.031 2.971
153 12.0 -1.814 3.141
154 12.0 -1.646 3.276
155 12.0 -1.275 3.502
156 12.0 -1.062 3.615
157 12.0 -0.930 3.679
158 12.0 -0.439 3.922
159 12.0 -0.339 3.996
160 12.0 0.005 4.115
161 13.0 -2.430 -0.490
162 13.0 -2.219 0.065
163 13.0 -2.440 -0.371
164 13.0 -2.415 -0.207
165 13.0 -2.397 -0.258
166 13.0 -2.424 -0.080
167 13.0 -2.397 0.001
168 13.0 -2.384 0.093
169 13.0 -2.421 0.224
170 13.0 -2.389 0.302
171 13.0 -2.394 0.377
172 13.0 -2.412 0.559
173 13.0 -2.408 0.654
174 13.0 -2.382 0.707
175 13.0 -2.436 0.760
176 13.0 -2.389 0.861
177 13.0 -2.400 0.908
178 13.0 -2.390 1.076
179 13.0 -2.364 1.151
180 13.0 -2.225 1.295
181 13.0 -2.161 1.385
182 13.0 -2.154 1.456
183 13.0 -2.172 1.570
184 13.0 -2.035 1.669
185 13.0 -1.837 1.924
186 13.0 -1.805 1.947
187 13.0 -1.731 1.975
188 13.0 -1.648 2.146
189 13.0 -1.496 2.284
190 13.0 -1.290 2.421
191 13.0 -1.300 2.449
192 13.0 -0.990 2.628
193 13.0 -0.909 2.680
194 13.0 -0.603 2.844
195 13.0 -0.567 2.833
196 13.0 -0.499 2.923
197 13.0 -0.081 3.085
198 13.0 0.042 3.182
199 13.0 0.099 3.185
200 13.0 0.683 3.410
161 14.0 -1.600 -1.040
162 14.0 -1.042 -0.765
163 14.0 -1.542 -0.885
164 14.0 -1.578 -0.843
165 14.0 -1.576 -0.670
166 14.0 -1.576 -0.714
167 14.0 -1.573 -0.544
168 14.0 -1.576 -0.443
169 14.0 -1.593 -0.339
170 14.0 -1.548 -0.345
171 14.0 -1.592 -0.106
172 14.0 -1.592 -0.045
173 14.0 -1.577 0.038
174 14.0 -1.587 0.101
175 14.0 -1.570 0.292
176 14.0 -1.558 0.295
177 14.0 -1.562 0.526
178 14.0 -1.545 0.505
179 14.0 -1.541 0.517
180 14.0 -1.609 0.700
181 14.0 -1.563 0.602
182 14.0 -1.557 0.786
183 14.0 -1.570 0.757
184 14.0 -1.468 1.127
185 14.0 -1.503 0.956
186 14.0 -1.458 0.977
187 14.0 -1.397 1.145
188 14.0 -1.354 1.334
189 14.0 -1.255 1.290
190 14.0 -1.203 1.371
191 14.0 -1.105 1.419
192 14.0 -0.896 1.750
193 14.0 -0.743 1.798
194 14.0 -0.773 1.764
195 14.0 -0.410 2.021
196 14.0 -0.395 2.013
197 14.0 -0.254 2.080
198 14.0 0.051 2.224
199 14.0 0.395 2.384
200 14.0 0.529 2.470
161 15.0 -3.330 -0.930
162 15.0 -3.219 -0.819
163 15.0 -3.311 -0.897
164 15.0 -3.302 -0.777
165 15.0 -3.308 -0.641
166 15.0 -3.284 -0.508
167 15.0 -3.302 -0.470
168 15.0 -3.302 -0.355
169 15.0 -3.289 -0.284
170 15.0 -3.290 -0.204
171 15.0 -3.315 -0.088
172 15.0 -3.317 -0.038
173 15.0 -3.331 0.190
174 15.0 -3.316 0.295
175 15.0 -3.312 0.306
176 15.0 -3.279 0.615
177 15.0 -3.267 0.715
178 15.0 -3.233 0.719
179 15.0 -3.213 1.072
180 15.0 -3.161 1.118
181 15.0 -3.208 1.246
182 15.0 -3.129 1.408
183 15.0 -3.072 1.563
184 15.0 -2.965 1.821
185 15.0 -2.850 2.034
186 15.0 -2.773 2.090
187 15.0 -2.754 2.153
188 15.0 -2.525 2.496
189 15.0 -2.494 2.436
190 15.0 -2.349 2.636
191 15.0 -2.231 2.781
192 15.0 -1.959 3.004
193 15.0 -1.761 3.185
194 15.0 -1.608 3.259
195 15.0 -1.385 3.423
196 15.0 -1.035 3.606
197 15.0 -0.971 3.656
198 15.0 -0.829 3.697
199 15.0 -0.463 3.907
200 15.0 -0.571 3.811
201 16.0 -2.440 -0.490
202 16.0 -2.418 -0.357
203 16.0 -2.413 -0.403
204 16.0 -2.410 -0.299
205 16.0 -2.423 -0.125
206 16.0 -2.417 -0.040
207 16.0 -2.409 0.035
208 16.0 -2.424 0.163
209 16.0 -2.413 0.244
210 16.0 -2.424 0.410
211 16.0 -2.412 0.463
212 16.0 -2.408 0.577
213 16.0 -2.417 0.636
214 16.0 -2.425 0.728
215 16.0 -2.394 0.827
216 16.0 -2.468 0.913
217 16.0 -2.389 1.072
218 16.0 -2.364 1.104
219 16.0 -2.394 1.150
220 16.0 -2.301 1.365
221 16.0 -2.111 1.533
222 16.0 -2.132 1.491
223 16.0 -2.018 1.583
224 16.0 -1.989 1.703
225 16.0 -1.847 1.811
226 16.0 -1.906 1.818
227 16.0 -1.715 2.058
228 16.0 -1.667 2.146
229 16.0 -1.564 2.243
230 16.0 -1.447 2.329
231 16.0 -1.252 2.483
232 16.0 -1.246 2.491
233 16.0 -0.994 2.645
234 16.0 -0.785 2.765
235 16.0 -0.688 2.824
236 16.0 -0.339 2.951
237 16.0 0.119 3.171
238 16.0 -0.020 3.122
239 16.0 -0.358 3.053
240 16.0 0.334 3.300
201 17.0 -1.600 -1.040
202 17.0 -1.590 -1.097
203 17.0 -1.619 -0.910
204 17.0 -1.576 -0.914
205 17.0 -1.575 -0.751
206 17.0 -1.581 -0.591
207 17.0 -1.564 -0.464
208 17.0 -1.554 -0.311
209 17.0 -1.565 -0.251
210 17.0 -1.580 -0.165
211 17.0 -1.581 -0.060
212 17.0 -1.571 0.030
213 17.0 -1.580 0.105
214 17.0 -1.574 0.216
215 17.0 -1.616 0.344
216 17.0 -1.568 0.418
217 17.0 -1.586 0.366
218 17.0 -1.578 0.540
219 17.0 -1.569 0.772
220 17.0 -1.556 0.596
221 17.0 -1.577 0.685
222 17.0 -1.561 0.771
223 17.0 -1.619 0.740
224 17.0 -1.559 0.936
225 17.0 -1.529 0.922
226 17.0 -1.498 1.037
227 17.0 -1.412 1.138
228 17.0 -1.425 1.159
229 17.0 -1.229 1.408
230 17.0 -1.170 1.408
231 17.0 -1.173 1.292
232 17.0 -1.027 1.543
233 17.0 -0.770 1.747
234 17.0 -0.803 1.720
235 17.0 -0.597 1.866
236 17.0 -0.442 1.981
237 17.0 -0.378 1.967
238 17.0 -0.047 2.136
239 17.0 0.162 2.283
240 17.0 0.433 2.425
201 18.0 -3.330 -0.930
202 18.0 -3.389 -0.698
203 18.0 -3.357 -0.773
204 18.0 -3.291 -0.725
205 18.0 -3.318 -0.653
206 18.0 -3.306 -0.560
207 18.0 -3.313 -0.437
208 18.0 -3.314 -0.365
209 18.0 -3.298 -0.153
210 18.0 -3.299 -0.150
211 18.0 -3.316 -0.034
212 18.0 -3.306 0.085
213 18.0 -3.297 0.128
214 18.0 -3.361 0.325
215 18.0 -3.320 0.508
216 18.0 -3.297 0.607
217 18.0 -3.350 0.584
218 18.0 -3.240 0.910
219 18.0 -3.248 1.049
220 18.0 -3.189 1.417
221 18.0 -3.092 1.619
222 18.0 -3.038 1.662
223 18.0 -2.924 1.870
224 18.0 -2.880 2.043
225 18.0 -2.778 2.199
226 18.0 -2.600 2.460
227 18.0 -2.572 2.370
228 18.0 -2.506 2.581
229 18.0 -2.410 2.637
230 18.0 -2.190 2.908
231 18.0 -2.167 2.858
232 18.0 -1.992 3.008
233 18.0 -2.037 2.967
234 18.0 -1.640 3.284
235 18.0 -1.362 3.449
236 18.0 -1.005 3.674
237 18.0 -0.958 3.696
238 18.0 -0.598 3.870
239 18.0 -0.296 3.988
240 18.0 -0.644 3.839
241 19.0 -2.440 -0.490
242 19.0 -2.407 -0.560
243 19.0 -2.444 -0.383
244 19.0 -2.404 -0.267
245 19.0 -2.422 -0.182
246 19.0 -2.405 0.029
247 19.0 -2.428 0.073
248 19.0 -2.407 0.183
249 19.0 -2.395 0.263
250 19.0 -2.423 0.348
251 19.0 -2.408 0.470
252 19.0 -2.444 0.635
253 19.0 -2.428 0.779
254 19.0 -2.444 0.746
255 19.0 -2.470 0.923
256 19.0 -2.402 1.157
257 19.0 -2.330 1.191
258 19.0 -2.336 1.245
259 19.0 -2.328 1.324
260 19.0 -2.362 1.363
261 19.0 -2.275 1.472
262 19.0 -2.230 1.525
263 19.0 -2.195 1.653
264 19.0 -2.068 1.746
265 19.0 -1.931 1.793
266 19.0 -1.834 2.001
267 19.0 -1.714 2.112
268 19.0 -1.523 2.254
269 19.0 -1.508 2.367
270 19.0 -1.397 2.373
271 19.0 -1.216 2.498
272 19.0 -1.154 2.558
273 19.0 -1.012 2.631
274 19.0 -0.701 2.804
275 19.0 -0.559 2.871
276 19.0 -0.203 3.028
277 19.0 -0.098 3.131
278 19.0 0.199 3.225
279 19.0 0.380 3.312
280 19.0 0.313 3.304
241 20.0 -1.600 -1.040
242 20.0 -1.456 -1.053
243 20.0 -1.584 -1.001
244 20.0 -1.584 -0.811
245 20.0 -1.573 -0.727
246 20.0 -1.576 -0.672
247 20.0 -1.569 -0.524
248 20.0 -1.566 -0.502
249 20.0 -1.579 -0.315
250 20.0 -1.578 -0.275
251 20.0 -1.533 -0.149
252 20.0 -1.567 -0.090
253 20.0 -1.574 0.009
254 20.0 -1.582 0.141
255 20.0 -1.572 0.145
256 20.0 -1.589 0.411
257 20.0 -1.596 0.489
258 20.0 -1.552 0.686
259 20.0 -1.549 0.644
260 20.0 -1.567 0.587
261 20.0 -1.563 0.873
262 20.0 -1.626 0.732
263 20.0 -1.519 0.897
264 20.0 -1.547 1.003
265 20.0 -1.530 0.965
266 20.0 -1.426 1.241
267 20.0 -1.489 1.176
268 20.0 -1.488 1.196
269 20.0 -1.285 1.430
270 20.0 -1.223 1.519
271 20.0 -1.149 1.598
272 20.0 -1.065 1.543
273 20.0 -0.967 1.623
274 20.0 -0.810 1.692
275 20.0 -0.594 1.865
276 20.0 -0.530 1.901
277 20.0 -0.286 2.065
278 20.0 0.033 2.222
279 20.0 0.179 2.270
280 20.0 0.393 2.413
241 21.0 -3.330 -0.940
242 21.0 -3.332 -0.810
243 21.0 -3.332 -0.807
244 21.0 -3.324 -0.684
245 21.0 -3.310 -0.586
246 21.0 -3.325 -0.523
247 21.0 -3.302 -0.407
248 21.0 -3.308 -0.365
249 21.0 -3.297 -0.295
250 21.0 -3.309 -0.130
251 21.0 -3.299 -0.078
252 21.0 -3.326 0.050
253 21.0 -3.294 0.160
254 21.0 -3.343 0.295
255 21.0 -3.311 0.366
256 21.0 -3.310 0.506
257 21.0 -3.277 0.753
258 21.0 -3.308 0.756
259 21.0 -3.205 0.884
260 21.0 -3.187 1.096
261 21.0 -3.156 1.211
262 21.0 -3.074 1.496
263 21.0 -3.053 1.704
264 21.0 -3.013 1.848
265 21.0 -2.820 2.157
266 21.0 -2.855 2.095
267 21.0 -2.660 2.352
268 21.0 -2.582 2.436
269 21.0 -2.567 2.423
270 21.0 -2.331 2.696
271 21.0 -2.082 2.905
272 21.0 -2.045 2.940
273 21.0 -1.863 3.120
274 21.0 -1.507 3.295
275 21.0 -1.190 3.532
276 21.0 -1.132 3.578
277 21.0 -0.730 3.772
278 21.0 -0.196 3.992
279 21.0 -0.591 3.826
280 21.0 -0.094 4.090
281 22.0 -2.430 -0.490
282 22.0 -2.622 -0.472
283 22.0 -2.420 -0.491
284 22.0 -2.415 -0.281
285 22.0 -2.399 -0.219
286 22.0 -2.408 -0.069
287 22.0 -2.390 -0.040
288 22.0 -2.421 0.159
289 22.0 -2.427 0.241
290 22.0 -2.440 0.322
291 22.0 -2.395 0.334
292 22.0 -2.401 0.518
293 22.0 -2.454 0.564
294 22.0 -2.419 0.666
295 22.0 -2.417 0.777
296 22.0 -2.397 0.945
297 22.0 -2.393 0.899
298 22.0 -2.372 1.128
299 22.0 -2.352 1.140
300 22.0 -2.324 1.233
301 22.0 -2.223 1.317
302 22.0 -2.194 1.477
303 22.0 -2.149 1.472
304 22.0 -1.913 1.837
305 22.0 -1.883 1.859
306 22.0 -1.845 1.954
307 22.0 -1.852 1.987
308 22.0 -1.735 2.077
309 22.0 -1.665 2.166
310 22.0 -1.475 2.313
311 22.0 -1.300 2.439
312 22.0 -1.348 2.408
313 22.0 -1.173 2.525
314 22.0 -1.034 2.643
315 22.0 -0.631 2.848
316 22.0 -0.428 2.930
317 22.0 -0.288 3.012
318 22.0 -0.057 3.130
319 22.0 0.109 3.207
320 22.0 0.131 3.211
281 23.0 -1.600 -1.050
282 23.0 -1.519 -0.732
283 23.0 -1.614 -1.023
284 23.0 -1.581 -0.801
285 23.0 -1.580 -0.739
286 23.0 -1.585 -0.629
287 23.0 -1.579 -0.606
288 23.0 -1.556 -0.463
289 23.0 -1.579 -0.377
290 23.0 -1.579 -0.265
291 23.0 -1.579 -0.084
292 23.0 -1.557 -0.016
293 23.0 -1.537 0.088
294 23.0 -1.574 0.092
295 23.0 -1.580 0.200
296 23.0 -1.604 0.274
297 23.0 -1.580 0.597
298 23.0 -1.507 0.614
299 23.0 -1.533 0.569
300 23.0 -1.518 0.636
301 23.0 -1.621 0.826
302 23.0 -1.576 0.761
303 23.0 -1.587 0.781
304 23.0 -1.585 0.836
305 23.0 -1.500 0.940
306 23.0 -1.426 1.091
307 23.0 -1.488 1.192
308 23.0 -1.397 1.288
309 23.0 -1.260 1.355
310 23.0 -1.167 1.430
311 23.0 -1.077 1.525
312 23.0 -0.979 1.574
313 23.0 -0.916 1.650
314 23.0 -0.801 1.703
315 23.0 -0.613 1.919
316 23.0 -0.559 1.892
317 23.0 -0.276 2.082
318 23.0 -0.091 2.128
319 23.0 0.252 2.295
320 23.0 0.303 2.308
281 24.0 -3.330 -0.930
282 24.0 -3.131 -0.917
283 24.0 -3.311 -1.019
284 24.0 -3.293 -0.692
285 24.0 -3.267 -0.648
286 24.0 -3.296 -0.553
287 24.0 -3.302 -0.420
288 24.0 -3.310 -0.345
289 24.0 -3.307 -0.254
290 24.0 -3.312 -0.141
291 24.0 -3.305 0.019
292 24.0 -3.320 0.152
293 24.0 -3.334 0.199
294 24.0 -3.324 0.256
295 24.0 -3.306 0.459
296 24.0 -3.348 0.482
297 24.0 -3.296 0.697
298 24.0 -3.265 0.640
299 24.0 -3.222 1.058
300 24.0 -3.227 1.128
301 24.0 -3.234 1.194
302 24.0 -3.223 1.418
303 24.0 -3.127 1.617
304 24.0 -3.007 1.988
305 24.0 -2.948 2.015
306 24.0 -2.778 2.235
307 24.0 -2.668 2.493
308 24.0 -2.580 2.512
309 24.0 -2.414 2.640
310 24.0 -2.319 2.753
311 24.0 -2.240 2.808
312 24.0 -2.035 2.967
313 24.0 -1.578 3.334
314 24.0 -1.724 3.216
315 24.0 -1.365 3.405
316 24.0 -1.015 3.585
317 24.0 -0.719 3.805
318 24.0 -0.473 3.900
319 24.0 -0.438 3.878
320 24.0 -0.005 4.086
321 25.0 -2.490 -0.490
322 25.0 -2.526 -0.492
323 25.0 -2.509 -0.347
324 25.0 -2.463 -0.323
325 25.0 -2.481 -0.193
326 25.0 -2.472 -0.116
327 25.0 -2.485 0.086
328 25.0 -2.485 0.265
329 25.0 -2.455 0.255
330 25.0 -2.470 0.405
331 25.0 -2.470 0.492
332 25.0 -2.477 0.510
333 25.0 -2.473 0.594
334 25.0 -2.449 0.710
335 25.0 -2.438 0.796
336 25.0 -2.422 1.050
337 25.0 -2.402 0.997
338 25.0 -2.417 1.242
339 25.0 -2.341 1.377
340 25.0 -2.331 1.341
341 25.0 -2.145 1.490
342 25.0 -2.075 1.634
343 25.0 -1.984 1.791
344 25.0 -1.930 1.794
345 25.0 -1.847 1.898
346 25.0 -1.804 2.023
347 25.0 -1.467 2.342
348 25.0 -1.487 2.332
349 25.0 -1.484 2.356
350 25.0 -1.214 2.545
351 25.0 -1.165 2.578
352 25.0 -0.849 2.714
353 25.0 -0.928 2.743
354 25.0 -0.294 3.033
355 25.0 0.008 3.132
356 25.0 0.350 3.296
357 25.0 -0.047 3.146
358 25.0 0.099 3.228
359 25.0 0.431 3.360
360 25.0 0.509 3.376
321 26.0 -1.600 -0.950
322 26.0 -1.475 -1.094
323 26.0 -1.595 -0.809
324 26.0 -1.590 -0.701
325 26.0 -1.575 -0.633
326 26.0 -1.569 -0.550
327 26.0 -1.570 -0.479
328 26.0 -1.575 -0.364
329 26.0 -1.576 -0.225
330 26.0 -1.589 -0.127
331 26.0 -1.588 -0.040
332 26.0 -1.572 0.018
333 26.0 -1.582 0.225
334 26.0 -1.554 0.248
335 26.0 -1.604 0.312
336 26.0 -1.580 0.329
337 26.0 -1.596 0.402
338 26.0 -1.618 0.482
339 26.0 -1.636 0.568
340 26.0 -1.689 0.466
341 26.0 -1.678 0.659
342 26.0 -1.634 0.609
343 26.0 -1.639 0.759
344 26.0 -1.608 0.853
345 26.0 -1.576 0.930
346 26.0 -1.617 0.858
347 26.0 -1.467 1.072
348 26.0 -1.388 1.200
349 26.0 -1.293 1.308
350 26.0 -1.141 1.474
351 26.0 -1.117 1.446
352 26.0 -0.984 1.569
353 26.0 -0.826 1.744
354 26.0 -0.648 1.904
355 26.0 -0.686 1.840
356 26.0 -0.396 2.002
357 26.0 -0.238 2.119
358 26.0 0.039 2.316
359 26.0 0.328 2.448
360 26.0 0.727 2.594
321 27.0 -3.330 -1.020
322 27.0 -3.263 -0.792
323 27.0 -3.286 -0.887
324 27.0 -3.329 -0.776
325 27.0 -3.305 -0.770
326 27.0 -3.303 -0.535
327 27.0 -3.328 -0.467
328 27.0 -3.306 -0.362
329 27.0 -3.299 -0.232
330 27.0 -3.317 -0.059
331 27.0 -3.299 0.034
332 27.0 -3.327 0.102
333 27.0 -3.338 0.142
334 27.0 -3.347 0.289
335 27.0 -3.348 0.586
336 27.0 -3.308 0.634
337 27.0 -3.298 0.702
338 27.0 -3.246 1.077
339 27.0 -3.183 1.218
340 27.0 -3.172 1.300
341 27.0 -3.151 1.478
342 27.0 -3.136 1.627
343 27.0 -3.018 1.791
344 27.0 -2.846 2.071
345 27.0 -2.840 2.090
346 27.0 -2.702 2.328
347 27.0 -2.798 2.202
348 27.0 -2.485 2.545
349 27.0 -2.378 2.625
350 27.0 -2.149 2.794
351 27.0 -2.081 2.846
352 27.0 -1.841 3.096
353 27.0 -1.696 3.157
354 27.0 -1.795 3.108
355 27.0 -1.186 3.491
356 27.0 -0.973 3.586
357 27.0 -1.125 3.551
358 27.0 -0.812 3.665
359 27.0 -0.494 3.766
360 27.0 -0.365 3.899
361 28.0 -2.430 -0.490
362 28.0 -2.070 -0.848
363 28.0 -2.259 -0.431
364 28.0 -2.423 -0.304
365 28.0 -2.427 -0.198
366 28.0 -2.418 -0.146
367 28.0 -2.398 -0.043
368 28.0 -2.406 0.061
369 28.0 -2.418 0.206
370 28.0 -2.418 0.239
371 28.0 -2.423 0.385
372 28.0 -2.411 0.538
373 28.0 -2.410 0.554
374 28.0 -2.421 0.632
375 28.0 -2.357 0.800
376 28.0 -2.375 0.823
377 28.0 -2.395 0.963
378 28.0 -2.278 1.159
379 28.0 -2.283 1.202
380 28.0 -2.213 1.380
381 28.0 -2.230 1.420
382 28.0 -2.142 1.468
383 28.0 -2.031 1.671
384 28.0 -2.108 1.668
385 28.0 -1.963 1.754
386 28.0 -1.955 1.819
387 28.0 -1.874 1.926
388 28.0 -1.726 2.102
389 28.0 -1.519 2.202
390 28.0 -1.381 2.353
391 28.0 -1.274 2.467
392 28.0 -1.140 2.546
393 28.0 -1.058 2.606
394 28.0 -0.829 2.766
395 28.0 -0.627 2.823
396 28.0 -0.570 2.898
397 28.0 -0.292 3.042
398 28.0 0.059 3.166
399 28.0 0.007 3.178
400 28.0 0.208 3.259
361 29.0 -1.600 -1.040
362 29.0 -1.686 -1.187
363 29.0 -1.563 -0.925
364 29.0 -1.593 -0.864
365 29.0 -1.584 -0.706
366 29.0 -1.579 -0.496
367 29.0 -1.551 -0.487
368 29.0 -1.569 -0.387
369 29.0 -1.588 -0.306
370 29.0 -1.579 -0.275
371 29.0 -1.568 -0.078
372 29.0 -1.572 0.100
373 29.0 -1.574 0.073
374 29.0 -1.613 0.119
375 29.0 -1.578 0.268
376 29.0 -1.570 0.392
377 29.0 -1.631 0.327
378 29.0 -1.515 0.590
379 29.0 -1.520 0.578
380 29.0 -1.549 0.651
381 29.0 -1.606 0.606
382 29.0 -1.600 0.703
383 29.0 -1.547 0.796
384 29.0 -1.562 0.817
385 29.0 -1.562 0.742
386 29.0 -1.520 0.910
387 29.0 -1.516 1.015
388 29.0 -1.345 1.148
389 29.0 -1.291 1.284
390 29.0 -1.282 1.189
391 29.0 -1.222 1.314
392 29.0 -1.190 1.443
393 29.0 -0.971 1.539
394 29.0 -0.803 1.678
395 29.0 -0.725 1.778
396 29.0 -0.389 1.977
397 29.0 -0.410 1.948
398 29.0 -0.138 2.077
399 29.0 0.163 2.228
400 29.0 0.350 2.343
361 30.0 -3.330 -0.930
362 30.0 -3.248 -0.769
363 30.0 -3.307 -0.863
364 30.0 -3.326 -0.785
365 30.0 -3.324 -0.631
366 30.0 -3.297 -0.518
367 30.0 -3.286 -0.438
368 30.0 -3.321 -0.343
369 30.0 -3.295 -0.319
370 30.0 -3.316 -0.153
371 30.0 -3.310 -0.071
372 30.0 -3.320 0.056
373 30.0 -3.345 0.140
374 30.0 -3.301 0.274
375 30.0 -3.309 0.346
376 30.0 -3.274 0.594
377 30.0 -3.272 0.661
378 30.0 -3.228 0.795
379 30.0 -3.308 0.966
380 30.0 -3.258 1.070
381 30.0 -3.245 1.146
382 30.0 -3.212 1.357
383 30.0 -3.040 1.547
384 30.0 -3.004 1.777
385 30.0 -2.975 1.820
386 30.0 -2.812 2.159
387 30.0 -2.796 2.202
388 30.0 -2.603 2.496
389 30.0 -2.626 2.490
390 30.0 -2.496 2.538
391 30.0 -2.390 2.694
392 30.0 -2.022 3.020
393 30.0 -1.971 3.047
394 30.0 -1.711 3.253
395 30.0 -1.318 3.477
396 30.0 -1.494 3.353
397 30.0 -1.193 3.510
398 30.0 -0.631 3.798
399 30.0 -0.601 3.849
400 30.0 -0.369 3.940
