1 1.0 -2.43 -0.49
2 1.0 -2.43 -0.39
3 1.0 -2.43 -0.29
4 1.0 -2.43 -0.18
5 1.0 -2.43 -0.08
6 1.0 -2.43 0.02
7 1.0 -2.42 0.12
8 1.0 -2.42 0.22
9 1.0 -2.42 0.33
10 1.0 -2.42 0.43
11 1.0 -2.41 0.53
12 1.0 -2.40 0.63
13 1.0 -2.39 0.73
14 1.0 -2.38 0.84
15 1.0 -2.36 0.94
16 1.0 -2.34 1.04
17 1.0 -2.31 1.14
18 1.0 -2.27 1.24
19 1.0 -2.23 1.35
20 1.0 -2.19 1.45
21 1.0 -2.13 1.55
22 1.0 -2.07 1.65
23 1.0 -2.00 1.76
24 1.0 -1.93 1.86
25 1.0 -1.84 1.96
26 1.0 -1.74 2.06
27 1.0 -1.64 2.16
28 1.0 -1.52 2.27
29 1.0 -1.40 2.37
30 1.0 -1.26 2.47
31 1.0 -1.11 2.57
32 1.0 -0.95 2.67
33 1.0 -0.77 2.78
34 1.0 -0.58 2.88
35 1.0 -0.38 2.98
36 1.0 -0.17 3.08
37 1.0 0.06 3.18
38 1.0 0.31 3.29
39 1.0 0.57 3.39
40 1.0 0.85 3.49
1 2.0 -1.60 -1.05
2 2.0 -1.59 -0.92
3 2.0 -1.57 -0.81
4 2.0 -1.57 -0.69
5 2.0 -1.56 -0.59
6 2.0 -1.56 -0.48
7 2.0 -1.56 -0.38
8 2.0 -1.56 -0.28
9 2.0 -1.57 -0.19
10 2.0 -1.57 -0.10
11 2.0 -1.58 -0.02
12 2.0 -1.58 0.06
13 2.0 -1.59 0.14
14 2.0 -1.59 0.22
15 2.0 -1.60 0.29
16 2.0 -1.60 0.36
17 2.0 -1.61 0.43
18 2.0 -1.61 0.50
19 2.0 -1.61 0.57
20 2.0 -1.61 0.64
21 2.0 -1.60 0.71
22 2.0 -1.58 0.78
23 2.0 -1.56 0.86
24 2.0 -1.54 0.94
25 2.0 -1.50 1.02
26 2.0 -1.45 1.10
27 2.0 -1.40 1.19
28 2.0 -1.33 1.29
29 2.0 -1.24 1.38
30 2.0 -1.15 1.48
31 2.0 -1.03 1.57
32 2.0 -0.91 1.67
33 2.0 -0.77 1.78
34 2.0 -0.61 1.88
35 2.0 -0.44 1.98
36 2.0 -0.25 2.09
37 2.0 -0.04 2.19
38 2.0 0.18 2.29
39 2.0 0.42 2.40
40 2.0 0.68 2.50
1 3.0 -3.33 -0.93
2 3.0 -3.32 -0.85
3 3.0 -3.31 -0.76
4 3.0 -3.30 -0.67
5 3.0 -3.29 -0.58
6 3.0 -3.29 -0.48
7 3.0 -3.29 -0.38
8 3.0 -3.29 -0.27
9 3.0 -3.30 -0.16
10 3.0 -3.30 -0.04
11 3.0 -3.31 0.08
12 3.0 -3.31 0.20
13 3.0 -3.31 0.33
14 3.0 -3.31 0.47
15 3.0 -3.30 0.61
16 3.0 -3.29 0.75
17 3.0 -3.28 0.89
18 3.0 -3.25 1.04
19 3.0 -3.22 1.20
20 3.0 -3.18 1.35
21 3.0 -3.13 1.51
22 3.0 -3.07 1.67
23 3.0 -3.00 1.82
24 3.0 -2.92 1.98
25 3.0 -2.82 2.14
26 3.0 -2.72 2.29
27 3.0 -2.60 2.44
28 3.0 -2.47 2.58
29 3.0 -2.33 2.73
30 3.0 -2.18 2.87
31 3.0 -2.01 3.01
32 3.0 -1.83 3.14
33 3.0 -1.64 3.27
34 3.0 -1.44 3.40
35 3.0 -1.22 3.53
36 3.0 -0.99 3.65
37 3.0 -0.74 3.77
38 3.0 -0.48 3.89
39 3.0 -0.21 4.01
40 3.0 0.08 4.13
41 4.0 -2.43 -0.49
42 4.0 -2.43 -0.39
43 4.0 -2.43 -0.29
44 4.0 -2.43 -0.18
45 4.0 -2.42 -0.08
46 4.0 -2.42 0.02
47 4.0 -2.42 0.12
48 4.0 -2.42 0.22
49 4.0 -2.42 0.33
50 4.0 -2.42 0.43
51 4.0 -2.41 0.53
52 4.0 -2.40 0.63
53 4.0 -2.39 0.73
54 4.0 -2.38 0.84
55 4.0 -2.36 0.94
56 4.0 -2.34 1.04
57 4.0 -2.31 1.14
58 4.0 -2.27 1.24
59 4.0 -2.23 1.35
60 4.0 -2.19 1.45
61 4.0 -2.14 1.55
62 4.0 -2.07 1.65
63 4.0 -2.01 1.76
64 4.0 -1.93 1.86
65 4.0 -1.84 1.96
66 4.0 -1.75 2.06
67 4.0 -1.64 2.16
68 4.0 -1.53 2.27
69 4.0 -1.40 2.37
70 4.0 -1.26 2.47
71 4.0 -1.11 2.57
72 4.0 -0.95 2.67
73 4.0 -0.78 2.78
74 4.0 -0.59 2.88
75 4.0 -0.39 2.98
76 4.0 -0.17 3.08
77 4.0 0.06 3.18
78 4.0 0.31 3.29
79 4.0 0.57 3.39
80 4.0 0.85 3.49
41 5.0 -1.60 -1.05
42 5.0 -1.59 -0.92
43 5.0 -1.57 -0.81
44 5.0 -1.57 -0.69
45 5.0 -1.56 -0.59
46 5.0 -1.56 -0.48
47 5.0 -1.56 -0.38
48 5.0 -1.56 -0.28
49 5.0 -1.57 -0.19
50 5.0 -1.57 -0.10
51 5.0 -1.58 -0.02
52 5.0 -1.58 0.07
53 5.0 -1.59 0.14
54 5.0 -1.59 0.22
55 5.0 -1.60 0.29
56 5.0 -1.60 0.36
57 5.0 -1.61 0.43
58 5.0 -1.61 0.50
59 5.0 -1.61 0.57
60 5.0 -1.61 0.64
61 5.0 -1.60 0.71
62 5.0 -1.59 0.78
63 5.0 -1.57 0.86
64 5.0 -1.54 0.94
65 5.0 -1.50 1.02
66 5.0 -1.46 1.10
67 5.0 -1.40 1.19
68 5.0 -1.33 1.29
69 5.0 -1.25 1.38
70 5.0 -1.15 1.48
71 5.0 -1.04 1.57
72 5.0 -0.91 1.67
73 5.0 -0.77 1.78
74 5.0 -0.61 1.88
75 5.0 -0.44 1.98
76 5.0 -0.25 2.09
77 5.0 -0.05 2.19
78 5.0 0.18 2.29
79 5.0 0.42 2.40
80 5.0 0.68 2.50
41 6.0 -3.33 -0.93
42 6.0 -3.32 -0.85
43 6.0 -3.30 -0.76
44 6.0 -3.30 -0.67
45 6.0 -3.29 -0.58
46 6.0 -3.29 -0.48
47 6.0 -3.29 -0.38
48 6.0 -3.29 -0.27
49 6.0 -3.30 -0.16
50 6.0 -3.30 -0.04
51 6.0 -3.30 0.08
52 6.0 -3.31 0.20
53 6.0 -3.31 0.33
54 6.0 -3.31 0.47
55 6.0 -3.30 0.60
56 6.0 -3.29 0.75
57 6.0 -3.28 0.89
58 6.0 -3.25 1.04
59 6.0 -3.22 1.20
60 6.0 -3.18 1.35
61 6.0 -3.13 1.51
62 6.0 -3.07 1.67
63 6.0 -3.00 1.82
64 6.0 -2.92 1.98
65 6.0 -2.83 2.13
66 6.0 -2.72 2.29
67 6.0 -2.60 2.44
68 6.0 -2.47 2.58
69 6.0 -2.33 2.73
70 6.0 -2.18 2.87
71 6.0 -2.01 3.01
72 6.0 -1.84 3.14
73 6.0 -1.64 3.27
74 6.0 -1.44 3.40
75 6.0 -1.22 3.53
76 6.0 -0.99 3.65
77 6.0 -0.75 3.77
78 6.0 -0.49 3.89
79 6.0 -0.21 4.01
80 6.0 0.08 4.13
81 7.0 -2.44 -0.49
82 7.0 -2.44 -0.39
83 7.0 -2.43 -0.29
84 7.0 -2.43 -0.18
85 7.0 -2.43 -0.08
86 7.0 -2.43 0.02
87 7.0 -2.43 0.12
88 7.0 -2.43 0.22
89 7.0 -2.43 0.33
90 7.0 -2.43 0.43
91 7.0 -2.42 0.53
92 7.0 -2.41 0.63
93 7.0 -2.40 0.73
94 7.0 -2.38 0.84
95 7.0 -2.36 0.94
96 7.0 -2.34 1.04
97 7.0 -2.31 1.14
98 7.0 -2.28 1.24
99 7.0 -2.23 1.35
100 7.0 -2.19 1.45
101 7.0 -2.13 1.55
102 7.0 -2.07 1.65
103 7.0 -2.00 1.76
104 7.0 -1.92 1.86
105 7.0 -1.84 1.96
106 7.0 -1.74 2.06
107 7.0 -1.64 2.16
108 7.0 -1.52 2.27
109 7.0 -1.39 2.37
110 7.0 -1.25 2.47
111 7.0 -1.10 2.57
112 7.0 -0.94 2.67
113 7.0 -0.77 2.78
114 7.0 -0.58 2.88
115 7.0 -0.38 2.98
116 7.0 -0.16 3.08
117 7.0 0.07 3.18
118 7.0 0.32 3.29
119 7.0 0.58 3.39
120 7.0 0.86 3.49
81 8.0 -1.60 -1.04
82 8.0 -1.59 -0.92
83 8.0 -1.58 -0.80
84 8.0 -1.57 -0.69
85 8.0 -1.57 -0.58
86 8.0 -1.57 -0.48
87 8.0 -1.57 -0.38
88 8.0 -1.57 -0.28
89 8.0 -1.57 -0.19
90 8.0 -1.58 -0.10
91 8.0 -1.58 -0.02
92 8.0 -1.59 0.06
93 8.0 -1.60 0.14
94 8.0 -1.60 0.21
95 8.0 -1.61 0.28
96 8.0 -1.61 0.35
97 8.0 -1.61 0.42
98 8.0 -1.62 0.49
99 8.0 -1.62 0.56
100 8.0 -1.61 0.63
101 8.0 -1.60 0.70
102 8.0 -1.59 0.78
103 8.0 -1.57 0.85
104 8.0 -1.54 0.93
105 8.0 -1.50 1.02
106 8.0 -1.45 1.10
107 8.0 -1.39 1.19
108 8.0 -1.32 1.28
109 8.0 -1.24 1.38
110 8.0 -1.14 1.48
111 8.0 -1.03 1.57
112 8.0 -0.90 1.67
113 8.0 -0.76 1.78
114 8.0 -0.60 1.88
115 8.0 -0.43 1.98
116 8.0 -0.24 2.09
117 8.0 -0.04 2.19
118 8.0 0.19 2.29
119 8.0 0.43 2.40
120 8.0 0.69 2.50
81 9.0 -3.33 -0.94
82 9.0 -3.32 -0.86
83 9.0 -3.31 -0.77
84 9.0 -3.30 -0.68
85 9.0 -3.30 -0.58
86 9.0 -3.30 -0.48
87 9.0 -3.30 -0.38
88 9.0 -3.30 -0.27
89 9.0 -3.31 -0.15
90 9.0 -3.31 -0.04
91 9.0 -3.31 0.08
92 9.0 -3.32 0.21
93 9.0 -3.32 0.34
94 9.0 -3.31 0.47
95 9.0 -3.31 0.61
96 9.0 -3.30 0.75
97 9.0 -3.28 0.90
98 9.0 -3.26 1.05
99 9.0 -3.22 1.20
100 9.0 -3.18 1.36
101 9.0 -3.13 1.52
102 9.0 -3.07 1.67
103 9.0 -3.00 1.83
104 9.0 -2.92 1.99
105 9.0 -2.82 2.14
106 9.0 -2.71 2.29
107 9.0 -2.60 2.44
108 9.0 -2.47 2.59
109 9.0 -2.32 2.73
110 9.0 -2.17 2.87
111 9.0 -2.00 3.01
112 9.0 -1.83 3.14
113 9.0 -1.63 3.27
114 9.0 -1.43 3.40
115 9.0 -1.21 3.53
116 9.0 -0.98 3.65
117 9.0 -0.74 3.77
118 9.0 -0.48 3.89
119 9.0 -0.20 4.01
120 9.0 0.09 4.13
121 10.0 -2.43 -0.49
122 10.0 -2.43 -0.39
123 10.0 -2.43 -0.29
124 10.0 -2.43 -0.18
125 10.0 -2.43 -0.08
126 10.0 -2.43 0.02
127 10.0 -2.42 0.12
128 10.0 -2.42 0.22
129 10.0 -2.42 0.33
130 10.0 -2.42 0.43
131 10.0 -2.41 0.53
132 10.0 -2.40 0.63
133 10.0 -2.39 0.73
134 10.0 -2.38 0.84
135 10.0 -2.36 0.94
136 10.0 -2.34 1.04
137 10.0 -2.31 1.14
138 10.0 -2.27 1.24
139 10.0 -2.23 1.35
140 10.0 -2.19 1.45
141 10.0 -2.13 1.55
142 10.0 -2.07 1.65
143 10.0 -2.00 1.76
144 10.0 -1.93 1.86
145 10.0 -1.84 1.96
146 10.0 -1.75 2.06
147 10.0 -1.64 2.16
148 10.0 -1.52 2.27
149 10.0 -1.40 2.37
150 10.0 -1.26 2.47
151 10.0 -1.11 2.57
152 10.0 -0.95 2.67
153 10.0 -0.77 2.78
154 10.0 -0.59 2.88
155 10.0 -0.38 2.98
156 10.0 -0.17 3.08
157 10.0 0.06 3.18
158 10.0 0.31 3.29
159 10.0 0.57 3.39
160 10.0 0.85 3.49
121 11.0 -1.60 -1.05
122 11.0 -1.59 -0.92
123 11.0 -1.57 -0.81
124 11.0 -1.57 -0.69
125 11.0 -1.56 -0.59
126 11.0 -1.56 -0.48
127 11.0 -1.56 -0.38
128 11.0 -1.56 -0.28
129 11.0 -1.57 -0.19
130 11.0 -1.57 -0.10
131 11.0 -1.58 -0.02
132 11.0 -1.58 0.06
133 11.0 -1.59 0.14
134 11.0 -1.59 0.22
135 11.0 -1.60 0.29
136 11.0 -1.60 0.36
137 11.0 -1.61 0.43
138 11.0 -1.61 0.50
139 11.0 -1.61 0.57
140 11.0 -1.61 0.64
141 11.0 -1.60 0.71
142 11.0 -1.59 0.78
143 11.0 -1.57 0.86
144 11.0 -1.54 0.94
145 11.0 -1.50 1.02
146 11.0 -1.45 1.10
147 11.0 -1.40 1.19
148 11.0 -1.33 1.29
149 11.0 -1.24 1.38
150 11.0 -1.15 1.48
151 11.0 -1.04 1.57
152 11.0 -0.91 1.67
153 11.0 -0.77 1.78
154 11.0 -0.61 1.88
155 11.0 -0.44 1.98
156 11.0 -0.25 2.09
157 11.0 -0.04 2.19
158 11.0 0.18 2.29
159 11.0 0.42 2.40
160 11.0 0.68 2.50
121 12.0 -3.33 -0.93
122 12.0 -3.32 -0.85
123 12.0 -3.31 -0.76
124 12.0 -3.30 -0.67
125 12.0 -3.29 -0.58
126 12.0 -3.29 -0.48
127 12.0 -3.29 -0.38
128 12.0 -3.29 -0.27
129 12.0 -3.30 -0.16
130 12.0 -3.30 -0.04
131 12.0 -3.31 0.08
132 12.0 -3.31 0.20
133 12.0 -3.31 0.33
134 12.0 -3.31 0.47
135 12.0 -3.30 0.61
136 12.0 -3.29 0.75
137 12.0 -3.28 0.89
138 12.0 -3.25 1.04
139 12.0 -3.22 1.20
140 12.0 -3.18 1.35
141 12.0 -3.13 1.51
142 12.0 -3.07 1.67
143 12.0 -3.00 1.82
144 12.0 -2.92 1.98
145 12.0 -2.83 2.14
146 12.0 -2.72 2.29
147 12.0 -2.60 2.44
148 12.0 -2.47 2.58
149 12.0 -2.33 2.73
150 12.0 -2.18 2.87
151 12.0 -2.01 3.01
152 12.0 -1.83 3.14
153 12.0 -1.64 3.27
154 12.0 -1.44 3.40
155 12.0 -1.22 3.53
156 12.0 -0.99 3.65
157 12.0 -0.74 3.77
158 12.0 -0.48 3.89
159 12.0 -0.21 4.01
160 12.0 0.08 4.13
161 13.0 -2.44 -0.49
162 13.0 -2.43 -0.39
163 13.0 -2.43 -0.29
164 13.0 -2.43 -0.18
165 13.0 -2.43 -0.08
166 13.0 -2.43 0.02
167 13.0 -2.43 0.12
168 13.0 -2.43 0.22
169 13.0 -2.43 0.33
170 13.0 -2.42 0.43
171 13.0 -2.42 0.53
172 13.0 -2.41 0.63
173 13.0 -2.40 0.73
174 13.0 -2.38 0.84
175 13.0 -2.36 0.94
176 13.0 -2.34 1.04
177 13.0 -2.31 1.14
178 13.0 -2.27 1.24
179 13.0 -2.23 1.35
180 13.0 -2.19 1.45
181 13.0 -2.13 1.55
182 13.0 -2.07 1.65
183 13.0 -2.00 1.76
184 13.0 -1.92 1.86
185 13.0 -1.84 1.96
186 13.0 -1.74 2.06
187 13.0 -1.64 2.16
188 13.0 -1.52 2.27
189 13.0 -1.39 2.37
190 13.0 -1.25 2.47
191 13.0 -1.10 2.57
192 13.0 -0.94 2.67
193 13.0 -0.77 2.78
194 13.0 -0.58 2.88
195 13.0 -0.38 2.98
196 13.0 -0.16 3.08
197 13.0 0.07 3.18
198 13.0 0.32 3.29
199 13.0 0.58 3.39
200 13.0 0.85 3.49
161 14.0 -1.60 -1.04
162 14.0 -1.59 -0.92
163 14.0 -1.58 -0.80
164 14.0 -1.57 -0.69
165 14.0 -1.57 -0.58
166 14.0 -1.57 -0.48
167 14.0 -1.57 -0.38
168 14.0 -1.57 -0.28
169 14.0 -1.57 -0.19
170 14.0 -1.58 -0.10
171 14.0 -1.58 -0.02
172 14.0 -1.59 0.06
173 14.0 -1.59 0.14
174 14.0 -1.60 0.21
175 14.0 -1.61 0.29
176 14.0 -1.61 0.36
177 14.0 -1.61 0.42
178 14.0 -1.62 0.49
179 14.0 -1.61 0.56
180 14.0 -1.61 0.63
181 14.0 -1.60 0.70
182 14.0 -1.59 0.78
183 14.0 -1.57 0.85
184 14.0 -1.54 0.93
185 14.0 -1.50 1.02
186 14.0 -1.45 1.10
187 14.0 -1.40 1.19
188 14.0 -1.32 1.28
189 14.0 -1.24 1.38
190 14.0 -1.14 1.48
191 14.0 -1.03 1.57
192 14.0 -0.90 1.67
193 14.0 -0.76 1.78
194 14.0 -0.61 1.88
195 14.0 -0.43 1.98
196 14.0 -0.24 2.09
197 14.0 -0.04 2.19
198 14.0 0.19 2.29
199 14.0 0.43 2.40
200 14.0 0.68 2.50
161 15.0 -3.33 -0.94
162 15.0 -3.32 -0.85
163 15.0 -3.31 -0.77
164 15.0 -3.30 -0.68
165 15.0 -3.30 -0.58
166 15.0 -3.30 -0.48
167 15.0 -3.30 -0.38
168 15.0 -3.30 -0.27
169 15.0 -3.30 -0.15
170 15.0 -3.31 -0.04
171 15.0 -3.31 0.08
172 15.0 -3.31 0.21
173 15.0 -3.31 0.34
174 15.0 -3.31 0.47
175 15.0 -3.31 0.61
176 15.0 -3.30 0.75
177 15.0 -3.28 0.90
178 15.0 -3.26 1.05
179 15.0 -3.22 1.20
180 15.0 -3.18 1.36
181 15.0 -3.13 1.51
182 15.0 -3.07 1.67
183 15.0 -3.00 1.83
184 15.0 -2.92 1.98
185 15.0 -2.82 2.14
186 15.0 -2.72 2.29
187 15.0 -2.60 2.44
188 15.0 -2.47 2.59
189 15.0 -2.33 2.73
190 15.0 -2.17 2.87
191 15.0 -2.01 3.01
192 15.0 -1.83 3.14
193 15.0 -1.64 3.27
194 15.0 -1.43 3.40
195 15.0 -1.21 3.53
196 15.0 -0.98 3.65
197 15.0 -0.74 3.77
198 15.0 -0.48 3.89
199 15.0 -0.20 4.01
200 15.0 0.09 4.13
201 16.0 -2.43 -0.49
202 16.0 -2.43 -0.39
203 16.0 -2.43 -0.29
204 16.0 -2.43 -0.18
205 16.0 -2.42 -0.08
206 16.0 -2.42 0.02
207 16.0 -2.42 0.12
208 16.0 -2.42 0.22
209 16.0 -2.42 0.33
210 16.0 -2.42 0.43
211 16.0 -2.41 0.53
212 16.0 -2.40 0.63
213 16.0 -2.39 0.73
214 16.0 -2.38 0.84
215 16.0 -2.36 0.94
216 16.0 -2.34 1.04
217 16.0 -2.31 1.14
218 16.0 -2.27 1.24
219 16.0 -2.23 1.35
220 16.0 -2.19 1.45
221 16.0 -2.14 1.55
222 16.0 -2.07 1.65
223 16.0 -2.01 1.76
224 16.0 -1.93 1.86
225 16.0 -1.84 1.96
226 16.0 -1.75 2.06
227 16.0 -1.64 2.16
228 16.0 -1.53 2.27
229 16.0 -1.40 2.37
230 16.0 -1.26 2.47
231 16.0 -1.11 2.57
232 16.0 -0.95 2.67
233 16.0 -0.78 2.78
234 16.0 -0.59 2.88
235 16.0 -0.39 2.98
236 16.0 -0.17 3.08
237 16.0 0.06 3.18
238 16.0 0.31 3.29
239 16.0 0.57 3.39
240 16.0 0.85 3.49
201 17.0 -1.60 -1.05
202 17.0 -1.59 -0.92
203 17.0 -1.57 -0.81
204 17.0 -1.57 -0.69
205 17.0 -1.56 -0.59
206 17.0 -1.56 -0.48
207 17.0 -1.56 -0.38
208 17.0 -1.56 -0.28
209 17.0 -1.57 -0.19
210 17.0 -1.57 -0.10
211 17.0 -1.58 -0.02
212 17.0 -1.58 0.07
213 17.0 -1.59 0.14
214 17.0 -1.59 0.22
215 17.0 -1.60 0.29
216 17.0 -1.60 0.36
217 17.0 -1.61 0.43
218 17.0 -1.61 0.50
219 17.0 -1.61 0.57
220 17.0 -1.61 0.64
221 17.0 -1.60 0.71
222 17.0 -1.59 0.78
223 17.0 -1.57 0.86
224 17.0 -1.54 0.94
225 17.0 -1.50 1.02
226 17.0 -1.46 1.10
227 17.0 -1.40 1.19
228 17.0 -1.33 1.29
229 17.0 -1.25 1.38
230 17.0 -1.15 1.48
231 17.0 -1.04 1.57
232 17.0 -0.91 1.67
233 17.0 -0.77 1.78
234 17.0 -0.61 1.88
235 17.0 -0.44 1.98
236 17.0 -0.25 2.09
237 17.0 -0.05 2.19
238 17.0 0.18 2.29
239 17.0 0.42 2.40
240 17.0 0.68 2.50
201 18.0 -3.33 -0.93
202 18.0 -3.32 -0.85
203 18.0 -3.30 -0.76
204 18.0 -3.30 -0.67
205 18.0 -3.29 -0.58
206 18.0 -3.29 -0.48
207 18.0 -3.29 -0.38
208 18.0 -3.29 -0.27
209 18.0 -3.30 -0.16
210 18.0 -3.30 -0.04
211 18.0 -3.30 0.08
212 18.0 -3.31 0.20
213 18.0 -3.31 0.33
214 18.0 -3.31 0.47
215 18.0 -3.30 0.60
216 18.0 -3.29 0.75
217 18.0 -3.28 0.89
218 18.0 -3.25 1.04
219 18.0 -3.22 1.20
220 18.0 -3.18 1.35
221 18.0 -3.13 1.51
222 18.0 -3.07 1.67
223 18.0 -3.00 1.82
224 18.0 -2.92 1.98
225 18.0 -2.83 2.13
226 18.0 -2.72 2.29
227 18.0 -2.60 2.44
228 18.0 -2.47 2.58
229 18.0 -2.33 2.73
230 18.0 -2.18 2.87
231 18.0 -2.01 3.01
232 18.0 -1.84 3.14
233 18.0 -1.64 3.27
234 18.0 -1.44 3.40
235 18.0 -1.22 3.53
236 18.0 -0.99 3.65
237 18.0 -0.75 3.77
238 18.0 -0.49 3.89
239 18.0 -0.21 4.01
240 18.0 0.08 4.13
241 19.0 -2.45 -0.49
242 19.0 -2.44 -0.39
243 19.0 -2.44 -0.29
244 19.0 -2.44 -0.18
245 19.0 -2.44 -0.08
246 19.0 -2.44 0.02
247 19.0 -2.44 0.12
248 19.0 -2.44 0.22
249 19.0 -2.44 0.33
250 19.0 -2.43 0.43
251 19.0 -2.43 0.53
252 19.0 -2.42 0.63
253 19.0 -2.40 0.73
254 19.0 -2.39 0.84
255 19.0 -2.37 0.94
256 19.0 -2.34 1.04
257 19.0 -2.31 1.14
258 19.0 -2.28 1.24
259 19.0 -2.23 1.35
260 19.0 -2.18 1.45
261 19.0 -2.13 1.55
262 19.0 -2.07 1.65
263 19.0 -2.00 1.76
264 19.0 -1.92 1.86
265 19.0 -1.83 1.96
266 19.0 -1.73 2.06
267 19.0 -1.62 2.16
268 19.0 -1.51 2.27
269 19.0 -1.38 2.37
270 19.0 -1.24 2.47
271 19.0 -1.09 2.57
272 19.0 -0.93 2.67
273 19.0 -0.75 2.78
274 19.0 -0.56 2.88
275 19.0 -0.36 2.98
276 19.0 -0.15 3.08
277 19.0 0.08 3.18
278 19.0 0.33 3.29
279 19.0 0.59 3.39
280 19.0 0.87 3.49
241 20.0 -1.61 -1.03
242 20.0 -1.59 -0.91
243 20.0 -1.58 -0.80
244 20.0 -1.58 -0.69
245 20.0 -1.58 -0.58
246 20.0 -1.58 -0.48
247 20.0 -1.58 -0.38
248 20.0 -1.58 -0.29
249 20.0 -1.59 -0.20
250 20.0 -1.59 -0.11
251 20.0 -1.60 -0.03
252 20.0 -1.60 0.05
253 20.0 -1.61 0.13
254 20.0 -1.61 0.20
255 20.0 -1.62 0.28
256 20.0 -1.62 0.35
257 20.0 -1.62 0.42
258 20.0 -1.62 0.49
259 20.0 -1.62 0.56
260 20.0 -1.62 0.63
261 20.0 -1.61 0.70
262 20.0 -1.59 0.77
263 20.0 -1.57 0.85
264 20.0 -1.54 0.93
265 20.0 -1.50 1.02
266 20.0 -1.45 1.10
267 20.0 -1.39 1.19
268 20.0 -1.32 1.28
269 20.0 -1.23 1.38
270 20.0 -1.13 1.48
271 20.0 -1.02 1.57
272 20.0 -0.89 1.67
273 20.0 -0.75 1.78
274 20.0 -0.59 1.88
275 20.0 -0.42 1.98
276 20.0 -0.23 2.08
277 20.0 -0.02 2.19
278 20.0 0.20 2.29
279 20.0 0.44 2.40
280 20.0 0.70 2.50
241 21.0 -3.34 -0.95
242 21.0 -3.32 -0.86
243 21.0 -3.32 -0.77
244 21.0 -3.31 -0.68
245 21.0 -3.31 -0.58
246 21.0 -3.31 -0.48
247 21.0 -3.31 -0.37
248 21.0 -3.31 -0.26
249 21.0 -3.32 -0.15
250 21.0 -3.32 -0.03
251 21.0 -3.32 0.09
252 21.0 -3.33 0.22
253 21.0 -3.33 0.35
254 21.0 -3.32 0.48
255 21.0 -3.31 0.62
256 21.0 -3.30 0.76
257 21.0 -3.28 0.91
258 21.0 -3.26 1.06
259 21.0 -3.22 1.21
260 21.0 -3.18 1.37
261 21.0 -3.13 1.53
262 21.0 -3.07 1.68
263 21.0 -2.99 1.84
264 21.0 -2.91 1.99
265 21.0 -2.81 2.15
266 21.0 -2.70 2.30
267 21.0 -2.58 2.44
268 21.0 -2.45 2.59
269 21.0 -2.31 2.73
270 21.0 -2.16 2.87
271 21.0 -1.99 3.01
272 21.0 -1.81 3.14
273 21.0 -1.62 3.27
274 21.0 -1.42 3.40
275 21.0 -1.20 3.53
276 21.0 -0.97 3.65
277 21.0 -0.72 3.77
278 21.0 -0.47 3.89
279 21.0 -0.19 4.01
280 21.0 0.10 4.13
281 22.0 -2.45 -0.49
282 22.0 -2.45 -0.39
283 22.0 -2.45 -0.29
284 22.0 -2.45 -0.18
285 22.0 -2.45 -0.08
286 22.0 -2.45 0.02
287 22.0 -2.45 0.12
288 22.0 -2.44 0.22
289 22.0 -2.44 0.33
290 22.0 -2.44 0.43
291 22.0 -2.43 0.53
292 22.0 -2.42 0.63
293 22.0 -2.41 0.73
294 22.0 -2.39 0.84
295 22.0 -2.37 0.94
296 22.0 -2.34 1.04
297 22.0 -2.31 1.14
298 22.0 -2.28 1.24
299 22.0 -2.23 1.35
300 22.0 -2.19 1.45
301 22.0 -2.13 1.55
302 22.0 -2.07 1.65
303 22.0 -2.00 1.76
304 22.0 -1.92 1.86
305 22.0 -1.83 1.96
306 22.0 -1.73 2.06
307 22.0 -1.62 2.16
308 22.0 -1.51 2.27
309 22.0 -1.38 2.37
310 22.0 -1.24 2.47
311 22.0 -1.09 2.57
312 22.0 -0.92 2.67
313 22.0 -0.75 2.78
314 22.0 -0.56 2.88
315 22.0 -0.36 2.98
316 22.0 -0.14 3.08
317 22.0 0.09 3.18
318 22.0 0.33 3.29
319 22.0 0.59 3.39
320 22.0 0.87 3.49
281 23.0 -1.61 -1.03
282 23.0 -1.59 -0.91
283 23.0 -1.59 -0.80
284 23.0 -1.58 -0.69
285 23.0 -1.58 -0.58
286 23.0 -1.58 -0.48
287 23.0 -1.58 -0.38
288 23.0 -1.58 -0.29
289 23.0 -1.59 -0.20
290 23.0 -1.59 -0.11
291 23.0 -1.60 -0.03
292 23.0 -1.61 0.05
293 23.0 -1.61 0.13
294 23.0 -1.62 0.20
295 23.0 -1.62 0.27
296 23.0 -1.63 0.35
297 23.0 -1.63 0.41
298 23.0 -1.63 0.48
299 23.0 -1.63 0.55
300 23.0 -1.62 0.62
301 23.0 -1.61 0.70
302 23.0 -1.59 0.77
303 23.0 -1.57 0.85
304 23.0 -1.54 0.93
305 23.0 -1.50 1.01
306 23.0 -1.45 1.10
307 23.0 -1.39 1.19
308 23.0 -1.31 1.28
309 23.0 -1.23 1.38
310 23.0 -1.13 1.48
311 23.0 -1.02 1.57
312 23.0 -0.89 1.67
313 23.0 -0.75 1.78
314 23.0 -0.59 1.88
315 23.0 -0.41 1.98
316 23.0 -0.22 2.08
317 23.0 -0.02 2.19
318 23.0 0.20 2.29
319 23.0 0.44 2.40
320 23.0 0.70 2.50
281 24.0 -3.34 -0.95
282 24.0 -3.33 -0.87
283 24.0 -3.32 -0.77
284 24.0 -3.31 -0.68
285 24.0 -3.31 -0.58
286 24.0 -3.31 -0.48
287 24.0 -3.31 -0.37
288 24.0 -3.32 -0.26
289 24.0 -3.32 -0.15
290 24.0 -3.32 -0.03
291 24.0 -3.33 0.09
292 24.0 -3.33 0.22
293 24.0 -3.33 0.35
294 24.0 -3.33 0.48
295 24.0 -3.32 0.62
296 24.0 -3.31 0.77
297 24.0 -3.29 0.91
298 24.0 -3.26 1.06
299 24.0 -3.23 1.22
300 24.0 -3.18 1.37
301 24.0 -3.13 1.53
302 24.0 -3.07 1.68
303 24.0 -2.99 1.84
304 24.0 -2.91 1.99
305 24.0 -2.81 2.15
306 24.0 -2.70 2.30
307 24.0 -2.58 2.45
308 24.0 -2.45 2.59
309 24.0 -2.31 2.73
310 24.0 -2.15 2.87
311 24.0 -1.99 3.01
312 24.0 -1.81 3.14
313 24.0 -1.62 3.27
314 24.0 -1.41 3.40
315 24.0 -1.20 3.53
316 24.0 -0.97 3.65
317 24.0 -0.72 3.77
318 24.0 -0.46 3.89
319 24.0 -0.19 4.01
320 24.0 0.10 4.13
321 25.0 -2.43 -0.49
322 25.0 -2.43 -0.39
323 25.0 -2.43 -0.29
324 25.0 -2.43 -0.18
325 25.0 -2.43 -0.08
326 25.0 -2.43 0.02
327 25.0 -2.43 0.12
328 25.0 -2.43 0.22
329 25.0 -2.42 0.33
330 25.0 -2.42 0.43
331 25.0 -2.41 0.53
332 25.0 -2.41 0.63
333 25.0 -2.39 0.73
334 25.0 -2.38 0.84
335 25.0 -2.36 0.94
336 25.0 -2.34 1.04
337 25.0 -2.31 1.14
338 25.0 -2.27 1.24
339 25.0 -2.23 1.35
340 25.0 -2.19 1.45
341 25.0 -2.14 1.55
342 25.0 -2.07 1.65
343 25.0 -2.01 1.76
344 25.0 -1.93 1.86
345 25.0 -1.84 1.96
346 25.0 -1.75 2.06
347 25.0 -1.64 2.16
348 25.0 -1.53 2.27
349 25.0 -1.40 2.37
350 25.0 -1.26 2.47
351 25.0 -1.11 2.57
352 25.0 -0.95 2.67
353 25.0 -0.77 2.78
354 25.0 -0.59 2.88
355 25.0 -0.38 2.98
356 25.0 -0.17 3.08
357 25.0 0.06 3.18
358 25.0 0.31 3.29
359 25.0 0.57 3.39
360 25.0 0.85 3.49
321 26.0 -1.60 -1.04
322 26.0 -1.59 -0.92
323 26.0 -1.57 -0.81
324 26.0 -1.57 -0.69
325 26.0 -1.56 -0.58
326 26.0 -1.56 -0.48
327 26.0 -1.56 -0.38
328 26.0 -1.56 -0.28
329 26.0 -1.57 -0.19
330 26.0 -1.57 -0.10
331 26.0 -1.58 -0.02
332 26.0 -1.58 0.06
333 26.0 -1.59 0.14
334 26.0 -1.60 0.22
335 26.0 -1.60 0.29
336 26.0 -1.61 0.36
337 26.0 -1.61 0.43
338 26.0 -1.61 0.50
339 26.0 -1.61 0.57
340 26.0 -1.61 0.64
341 26.0 -1.60 0.71
342 26.0 -1.59 0.78
343 26.0 -1.57 0.86
344 26.0 -1.54 0.94
345 26.0 -1.50 1.02
346 26.0 -1.46 1.10
347 26.0 -1.40 1.19
348 26.0 -1.33 1.29
349 26.0 -1.24 1.38
350 26.0 -1.15 1.48
351 26.0 -1.04 1.57
352 26.0 -0.91 1.67
353 26.0 -0.77 1.78
354 26.0 -0.61 1.88
355 26.0 -0.44 1.98
356 26.0 -0.25 2.09
357 26.0 -0.04 2.19
358 26.0 0.18 2.29
359 26.0 0.42 2.40
360 26.0 0.68 2.50
321 27.0 -3.33 -0.93
322 27.0 -3.32 -0.85
323 27.0 -3.31 -0.76
324 27.0 -3.30 -0.67
325 27.0 -3.29 -0.58
326 27.0 -3.29 -0.48
327 27.0 -3.29 -0.38
328 27.0 -3.30 -0.27
329 27.0 -3.30 -0.16
330 27.0 -3.30 -0.04
331 27.0 -3.31 0.08
332 27.0 -3.31 0.20
333 27.0 -3.31 0.33
334 27.0 -3.31 0.47
335 27.0 -3.30 0.61
336 27.0 -3.29 0.75
337 27.0 -3.28 0.89
338 27.0 -3.25 1.04
339 27.0 -3.22 1.20
340 27.0 -3.18 1.35
341 27.0 -3.13 1.51
342 27.0 -3.07 1.67
343 27.0 -3.00 1.82
344 27.0 -2.92 1.98
345 27.0 -2.83 2.14
346 27.0 -2.72 2.29
347 27.0 -2.60 2.44
348 27.0 -2.47 2.58
349 27.0 -2.33 2.73
350 27.0 -2.18 2.87
351 27.0 -2.01 3.01
352 27.0 -1.83 3.14
353 27.0 -1.64 3.27
354 27.0 -1.44 3.40
355 27.0 -1.22 3.53
356 27.0 -0.99 3.65
357 27.0 -0.74 3.77
358 27.0 -0.48 3.89
359 27.0 -0.21 4.01
360 27.0 0.08 4.13
361 28.0 -2.43 -0.49
362 28.0 -2.43 -0.39
363 28.0 -2.43 -0.29
364 28.0 -2.43 -0.18
365 28.0 -2.42 -0.08
366 28.0 -2.42 0.02
367 28.0 -2.42 0.12
368 28.0 -2.42 0.22
369 28.0 -2.42 0.33
370 28.0 -2.42 0.43
371 28.0 -2.41 0.53
372 28.0 -2.40 0.63
373 28.0 -2.39 0.73
374 28.0 -2.38 0.84
375 28.0 -2.36 0.94
376 28.0 -2.34 1.04
377 28.0 -2.31 1.14
378 28.0 -2.27 1.24
379 28.0 -2.23 1.35
380 28.0 -2.19 1.45
381 28.0 -2.14 1.55
382 28.0 -2.07 1.65
383 28.0 -2.01 1.76
384 28.0 -1.93 1.86
385 28.0 -1.84 1.96
386 28.0 -1.75 2.06
387 28.0 -1.64 2.16
388 28.0 -1.53 2.27
389 28.0 -1.40 2.37
390 28.0 -1.26 2.47
391 28.0 -1.11 2.57
392 28.0 -0.95 2.67
393 28.0 -0.78 2.78
394 28.0 -0.59 2.88
395 28.0 -0.39 2.98
396 28.0 -0.17 3.08
397 28.0 0.06 3.18
398 28.0 0.31 3.29
399 28.0 0.57 3.39
400 28.0 0.85 3.49
361 29.0 -1.60 -1.05
362 29.0 -1.59 -0.92
363 29.0 -1.57 -0.81
364 29.0 -1.57 -0.69
365 29.0 -1.56 -0.59
366 29.0 -1.56 -0.48
367 29.0 -1.56 -0.38
368 29.0 -1.56 -0.28
369 29.0 -1.57 -0.19
370 29.0 -1.57 -0.10
371 29.0 -1.58 -0.02
372 29.0 -1.58 0.07
373 29.0 -1.59 0.14
374 29.0 -1.59 0.22
375 29.0 -1.60 0.29
376 29.0 -1.60 0.36
377 29.0 -1.61 0.43
378 29.0 -1.61 0.50
379 29.0 -1.61 0.57
380 29.0 -1.61 0.64
381 29.0 -1.60 0.71
382 29.0 -1.59 0.78
383 29.0 -1.57 0.86
384 29.0 -1.54 0.94
385 29.0 -1.50 1.02
386 29.0 -1.46 1.10
387 29.0 -1.40 1.19
388 29.0 -1.33 1.29
389 29.0 -1.25 1.38
390 29.0 -1.15 1.48
391 29.0 -1.04 1.57
392 29.0 -0.91 1.67
393 29.0 -0.77 1.78
394 29.0 -0.61 1.88
395 29.0 -0.44 1.98
396 29.0 -0.25 2.09
397 29.0 -0.05 2.19
398 29.0 0.18 2.29
399 29.0 0.42 2.40
400 29.0 0.68 2.50
361 30.0 -3.33 -0.93
362 30.0 -3.32 -0.85
363 30.0 -3.30 -0.76
364 30.0 -3.30 -0.67
365 30.0 -3.29 -0.58
366 30.0 -3.29 -0.48
367 30.0 -3.29 -0.38
368 30.0 -3.29 -0.27
369 30.0 -3.30 -0.16
370 30.0 -3.30 -0.04
371 30.0 -3.30 0.08
372 30.0 -3.31 0.20
373 30.0 -3.31 0.33
374 30.0 -3.31 0.47
375 30.0 -3.30 0.60
376 30.0 -3.29 0.75
377 30.0 -3.28 0.89
378 30.0 -3.25 1.04
379 30.0 -3.22 1.20
380 30.0 -3.18 1.35
381 30.0 -3.13 1.51
382 30.0 -3.07 1.67
383 30.0 -3.00 1.82
384 30.0 -2.92 1.98
385 30.0 -2.83 2.13
386 30.0 -2.72 2.29
387 30.0 -2.60 2.44
388 30.0 -2.47 2.58
389 30.0 -2.33 2.73
390 30.0 -2.18 2.87
391 30.0 -2.01 3.01
392 30.0 -1.84 3.14
393 30.0 -1.64 3.27
394 30.0 -1.44 3.40
395 30.0 -1.22 3.53
396 30.0 -0.99 3.65
397 30.0 -0.75 3.77
398 30.0 -0.49 3.89
399 30.0 -0.21 4.01
400 30.0 0.08 4.13
401 31.0 -2.47 -0.49
402 31.0 -2.46 -0.39
403 31.0 -2.46 -0.29
404 31.0 -2.46 -0.18
405 31.0 -2.47 -0.08
406 31.0 -2.47 0.02
407 31.0 -2.46 0.12
408 31.0 -2.46 0.22
409 31.0 -2.46 0.33
410 31.0 -2.45 0.43
411 31.0 -2.44 0.53
412 31.0 -2.43 0.63
413 31.0 -2.42 0.73
414 31.0 -2.40 0.84
415 31.0 -2.38 0.94
416 31.0 -2.35 1.04
417 31.0 -2.32 1.14
418 31.0 -2.28 1.24
419 31.0 -2.23 1.35
420 31.0 -2.18 1.45
421 31.0 -2.12 1.55
422 31.0 -2.06 1.65
423 31.0 -1.98 1.76
424 31.0 -1.90 1.86
425 31.0 -1.81 1.96
426 31.0 -1.71 2.06
427 31.0 -1.60 2.16
428 31.0 -1.48 2.27
429 31.0 -1.35 2.37
430 31.0 -1.21 2.47
431 31.0 -1.06 2.57
432 31.0 -0.90 2.67
433 31.0 -0.72 2.78
434 31.0 -0.53 2.88
435 31.0 -0.33 2.98
436 31.0 -0.12 3.08
437 31.0 0.11 3.18
438 31.0 0.36 3.29
439 31.0 0.61 3.39
440 31.0 0.89 3.49
401 32.0 -1.61 -1.01
402 32.0 -1.60 -0.90
403 32.0 -1.60 -0.79
404 32.0 -1.60 -0.68
405 32.0 -1.60 -0.58
406 32.0 -1.60 -0.48
407 32.0 -1.60 -0.38
408 32.0 -1.61 -0.29
409 32.0 -1.61 -0.20
410 32.0 -1.62 -0.12
411 32.0 -1.62 -0.04
412 32.0 -1.63 0.04
413 32.0 -1.63 0.11
414 32.0 -1.64 0.19
415 32.0 -1.64 0.26
416 32.0 -1.65 0.33
417 32.0 -1.65 0.40
418 32.0 -1.64 0.47
419 32.0 -1.64 0.54
420 32.0 -1.63 0.61
421 32.0 -1.62 0.69
422 32.0 -1.60 0.76
423 32.0 -1.57 0.84
424 32.0 -1.54 0.93
425 32.0 -1.49 1.01
426 32.0 -1.44 1.10
427 32.0 -1.38 1.19
428 32.0 -1.30 1.28
429 32.0 -1.21 1.38
430 32.0 -1.11 1.47
431 32.0 -0.99 1.57
432 32.0 -0.86 1.67
433 32.0 -0.72 1.78
434 32.0 -0.56 1.88
435 32.0 -0.39 1.98
436 32.0 -0.20 2.08
437 32.0 0.01 2.19
438 32.0 0.23 2.29
439 32.0 0.47 2.40
440 32.0 0.72 2.50
401 33.0 -3.34 -0.97
402 33.0 -3.34 -0.88
403 33.0 -3.33 -0.79
404 33.0 -3.33 -0.69
405 33.0 -3.33 -0.59
406 33.0 -3.33 -0.48
407 33.0 -3.33 -0.37
408 33.0 -3.34 -0.26
409 33.0 -3.34 -0.14
410 33.0 -3.35 -0.02
411 33.0 -3.35 0.10
412 33.0 -3.35 0.23
413 33.0 -3.35 0.36
414 33.0 -3.34 0.50
415 33.0 -3.33 0.64
416 33.0 -3.32 0.79
417 33.0 -3.29 0.93
418 33.0 -3.26 1.08
419 33.0 -3.23 1.24
420 33.0 -3.18 1.39
421 33.0 -3.12 1.55
422 33.0 -3.06 1.70
423 33.0 -2.98 1.86
424 33.0 -2.89 2.01
425 33.0 -2.79 2.16
426 33.0 -2.68 2.31
427 33.0 -2.56 2.45
428 33.0 -2.43 2.60
429 33.0 -2.28 2.74
430 33.0 -2.13 2.88
431 33.0 -1.96 3.01
432 33.0 -1.78 3.14
433 33.0 -1.59 3.27
434 33.0 -1.39 3.40
435 33.0 -1.17 3.53
436 33.0 -0.94 3.65
437 33.0 -0.70 3.77
438 33.0 -0.44 3.89
439 33.0 -0.17 4.01
440 33.0 0.12 4.13
441 34.0 -2.44 -0.49
442 34.0 -2.44 -0.39
443 34.0 -2.44 -0.29
444 34.0 -2.44 -0.18
445 34.0 -2.44 -0.08
446 34.0 -2.44 0.02
447 34.0 -2.44 0.12
448 34.0 -2.44 0.22
449 34.0 -2.43 0.33
450 34.0 -2.43 0.43
451 34.0 -2.42 0.53
452 34.0 -2.41 0.63
453 34.0 -2.40 0.73
454 34.0 -2.39 0.84
455 34.0 -2.37 0.94
456 34.0 -2.34 1.04
457 34.0 -2.31 1.14
458 34.0 -2.28 1.24
459 34.0 -2.23 1.35
460 34.0 -2.19 1.45
461 34.0 -2.13 1.55
462 34.0 -2.07 1.65
463 34.0 -2.00 1.76
464 34.0 -1.92 1.86
465 34.0 -1.83 1.96
466 34.0 -1.74 2.06
467 34.0 -1.63 2.16
468 34.0 -1.51 2.27
469 34.0 -1.39 2.37
470 34.0 -1.25 2.47
471 34.0 -1.10 2.57
472 34.0 -0.93 2.67
473 34.0 -0.76 2.78
474 34.0 -0.57 2.88
475 34.0 -0.37 2.98
476 34.0 -0.15 3.08
477 34.0 0.08 3.18
478 34.0 0.32 3.29
479 34.0 0.58 3.39
480 34.0 0.86 3.49
441 35.0 -1.61 -1.03
442 35.0 -1.59 -0.92
443 35.0 -1.58 -0.80
444 35.0 -1.58 -0.69
445 35.0 -1.57 -0.58
446 35.0 -1.57 -0.48
447 35.0 -1.57 -0.38
448 35.0 -1.58 -0.29
449 35.0 -1.58 -0.19
450 35.0 -1.59 -0.11
451 35.0 -1.59 -0.02
452 35.0 -1.60 0.06
453 35.0 -1.60 0.13
454 35.0 -1.61 0.21
455 35.0 -1.61 0.28
456 35.0 -1.62 0.35
457 35.0 -1.62 0.42
458 35.0 -1.62 0.49
459 35.0 -1.62 0.56
460 35.0 -1.62 0.63
461 35.0 -1.61 0.70
462 35.0 -1.59 0.77
463 35.0 -1.57 0.85
464 35.0 -1.54 0.93
465 35.0 -1.50 1.02
466 35.0 -1.45 1.10
467 35.0 -1.39 1.19
468 35.0 -1.32 1.28
469 35.0 -1.23 1.38
470 35.0 -1.14 1.48
471 35.0 -1.02 1.57
472 35.0 -0.90 1.67
473 35.0 -0.75 1.78
474 35.0 -0.60 1.88
475 35.0 -0.42 1.98
476 35.0 -0.23 2.08
477 35.0 -0.03 2.19
478 35.0 0.19 2.29
479 35.0 0.43 2.40
480 35.0 0.69 2.50
441 36.0 -3.33 -0.94
442 36.0 -3.32 -0.86
443 36.0 -3.31 -0.77
444 36.0 -3.31 -0.68
445 36.0 -3.31 -0.58
446 36.0 -3.30 -0.48
447 36.0 -3.31 -0.37
448 36.0 -3.31 -0.27
449 36.0 -3.31 -0.15
450 36.0 -3.32 -0.03
451 36.0 -3.32 0.09
452 36.0 -3.32 0.21
453 36.0 -3.32 0.34
454 36.0 -3.32 0.48
455 36.0 -3.31 0.62
456 36.0 -3.30 0.76
457 36.0 -3.28 0.91
458 36.0 -3.26 1.06
459 36.0 -3.23 1.21
460 36.0 -3.18 1.36
461 36.0 -3.13 1.52
462 36.0 -3.07 1.68
463 36.0 -3.00 1.83
464 36.0 -2.91 1.99
465 36.0 -2.82 2.14
466 36.0 -2.71 2.29
467 36.0 -2.59 2.44
468 36.0 -2.46 2.59
469 36.0 -2.32 2.73
470 36.0 -2.16 2.87
471 36.0 -2.00 3.01
472 36.0 -1.82 3.14
473 36.0 -1.63 3.27
474 36.0 -1.42 3.40
475 36.0 -1.21 3.53
476 36.0 -0.97 3.65
477 36.0 -0.73 3.77
478 36.0 -0.47 3.89
479 36.0 -0.20 4.01
480 36.0 0.09 4.13
481 37.0 -2.44 -0.49
482 37.0 -2.43 -0.39
483 37.0 -2.43 -0.29
484 37.0 -2.43 -0.18
485 37.0 -2.43 -0.08
486 37.0 -2.43 0.02
487 37.0 -2.43 0.12
488 37.0 -2.43 0.22
489 37.0 -2.43 0.33
490 37.0 -2.42 0.43
491 37.0 -2.42 0.53
492 37.0 -2.41 0.63
493 37.0 -2.40 0.73
494 37.0 -2.38 0.84
495 37.0 -2.36 0.94
496 37.0 -2.34 1.04
497 37.0 -2.31 1.14
498 37.0 -2.27 1.24
499 37.0 -2.23 1.35
500 37.0 -2.19 1.45
501 37.0 -2.13 1.55
502 37.0 -2.07 1.65
503 37.0 -2.00 1.76
504 37.0 -1.93 1.86
505 37.0 -1.84 1.96
506 37.0 -1.74 2.06
507 37.0 -1.64 2.16
508 37.0 -1.52 2.27
509 37.0 -1.39 2.37
510 37.0 -1.26 2.47
511 37.0 -1.11 2.57
512 37.0 -0.94 2.67
513 37.0 -0.77 2.78
514 37.0 -0.58 2.88
515 37.0 -0.38 2.98
516 37.0 -0.16 3.08
517 37.0 0.07 3.18
518 37.0 0.31 3.29
519 37.0 0.58 3.39
520 37.0 0.85 3.49
481 38.0 -1.60 -1.04
482 38.0 -1.59 -0.92
483 38.0 -1.58 -0.80
484 38.0 -1.57 -0.69
485 38.0 -1.57 -0.58
486 38.0 -1.56 -0.48
487 38.0 -1.57 -0.38
488 38.0 -1.57 -0.28
489 38.0 -1.57 -0.19
490 38.0 -1.58 -0.10
491 38.0 -1.58 -0.02
492 38.0 -1.59 0.06
493 38.0 -1.59 0.14
494 38.0 -1.60 0.21
495 38.0 -1.60 0.29
496 38.0 -1.61 0.36
497 38.0 -1.61 0.43
498 38.0 -1.61 0.49
499 38.0 -1.61 0.56
500 38.0 -1.61 0.63
501 38.0 -1.60 0.70
502 38.0 -1.59 0.78
503 38.0 -1.57 0.86
504 38.0 -1.54 0.93
505 38.0 -1.50 1.02
506 38.0 -1.45 1.10
507 38.0 -1.40 1.19
508 38.0 -1.32 1.28
509 38.0 -1.24 1.38
510 38.0 -1.14 1.48
511 38.0 -1.03 1.57
512 38.0 -0.91 1.67
513 38.0 -0.76 1.78
514 38.0 -0.61 1.88
515 38.0 -0.43 1.98
516 38.0 -0.24 2.09
517 38.0 -0.04 2.19
518 38.0 0.18 2.29
519 38.0 0.42 2.40
520 38.0 0.68 2.50
481 39.0 -3.33 -0.94
482 39.0 -3.32 -0.85
483 39.0 -3.31 -0.77
484 39.0 -3.30 -0.67
485 39.0 -3.30 -0.58
486 39.0 -3.30 -0.48
487 39.0 -3.30 -0.38
488 39.0 -3.30 -0.27
489 39.0 -3.30 -0.16
490 39.0 -3.31 -0.04
491 39.0 -3.31 0.08
492 39.0 -3.31 0.21
493 39.0 -3.31 0.34
494 39.0 -3.31 0.47
495 39.0 -3.31 0.61
496 39.0 -3.30 0.75
497 39.0 -3.28 0.90
498 39.0 -3.26 1.05
499 39.0 -3.22 1.20
500 39.0 -3.18 1.36
501 39.0 -3.13 1.51
502 39.0 -3.07 1.67
503 39.0 -3.00 1.83
504 39.0 -2.92 1.98
505 39.0 -2.82 2.14
506 39.0 -2.72 2.29
507 39.0 -2.60 2.44
508 39.0 -2.47 2.59
509 39.0 -2.33 2.73
510 39.0 -2.17 2.87
511 39.0 -2.01 3.01
512 39.0 -1.83 3.14
513 39.0 -1.64 3.27
514 39.0 -1.43 3.40
515 39.0 -1.22 3.53
516 39.0 -0.98 3.65
517 39.0 -0.74 3.77
518 39.0 -0.48 3.89
519 39.0 -0.20 4.01
520 39.0 0.09 4.13
521 40.0 -2.43 -0.49
522 40.0 -2.43 -0.39
523 40.0 -2.43 -0.29
524 40.0 -2.43 -0.18
525 40.0 -2.43 -0.08
526 40.0 -2.42 0.02
527 40.0 -2.42 0.12
528 40.0 -2.42 0.22
529 40.0 -2.42 0.33
530 40.0 -2.42 0.43
531 40.0 -2.41 0.53
532 40.0 -2.40 0.63
533 40.0 -2.39 0.73
534 40.0 -2.38 0.84
535 40.0 -2.36 0.94
536 40.0 -2.34 1.04
537 40.0 -2.31 1.14
538 40.0 -2.27 1.24
539 40.0 -2.23 1.35
540 40.0 -2.19 1.45
541 40.0 -2.13 1.55
542 40.0 -2.07 1.65
543 40.0 -2.01 1.76
544 40.0 -1.93 1.86
545 40.0 -1.84 1.96
546 40.0 -1.75 2.06
547 40.0 -1.64 2.16
548 40.0 -1.53 2.27
549 40.0 -1.40 2.37
550 40.0 -1.26 2.47
551 40.0 -1.11 2.57
552 40.0 -0.95 2.67
553 40.0 -0.78 2.78
554 40.0 -0.59 2.88
555 40.0 -0.39 2.98
556 40.0 -0.17 3.08
557 40.0 0.06 3.18
558 40.0 0.31 3.29
559 40.0 0.57 3.39
560 40.0 0.85 3.49
521 41.0 -1.60 -1.05
522 41.0 -1.59 -0.92
523 41.0 -1.57 -0.81
524 41.0 -1.57 -0.69
525 41.0 -1.56 -0.59
526 41.0 -1.56 -0.48
527 41.0 -1.56 -0.38
528 41.0 -1.56 -0.28
529 41.0 -1.57 -0.19
530 41.0 -1.57 -0.10
531 41.0 -1.58 -0.02
532 41.0 -1.58 0.07
533 41.0 -1.59 0.14
534 41.0 -1.59 0.22
535 41.0 -1.60 0.29
536 41.0 -1.60 0.36
537 41.0 -1.61 0.43
538 41.0 -1.61 0.50
539 41.0 -1.61 0.57
540 41.0 -1.61 0.64
541 41.0 -1.60 0.71
542 41.0 -1.59 0.78
543 41.0 -1.57 0.86
544 41.0 -1.54 0.94
545 41.0 -1.50 1.02
546 41.0 -1.46 1.10
547 41.0 -1.40 1.19
548 41.0 -1.33 1.29
549 41.0 -1.25 1.38
550 41.0 -1.15 1.48
551 41.0 -1.04 1.57
552 41.0 -0.91 1.67
553 41.0 -0.77 1.78
554 41.0 -0.61 1.88
555 41.0 -0.44 1.98
556 41.0 -0.25 2.09
557 41.0 -0.05 2.19
558 41.0 0.18 2.29
559 41.0 0.42 2.40
560 41.0 0.68 2.50
521 42.0 -3.33 -0.93
522 42.0 -3.32 -0.85
523 42.0 -3.31 -0.76
524 42.0 -3.30 -0.67
525 42.0 -3.29 -0.58
526 42.0 -3.29 -0.48
527 42.0 -3.29 -0.38
528 42.0 -3.29 -0.27
529 42.0 -3.30 -0.16
530 42.0 -3.30 -0.04
531 42.0 -3.31 0.08
532 42.0 -3.31 0.20
533 42.0 -3.31 0.33
534 42.0 -3.31 0.47
535 42.0 -3.30 0.60
536 42.0 -3.29 0.75
537 42.0 -3.28 0.89
538 42.0 -3.25 1.04
539 42.0 -3.22 1.20
540 42.0 -3.18 1.35
541 42.0 -3.13 1.51
542 42.0 -3.07 1.67
543 42.0 -3.00 1.82
544 42.0 -2.92 1.98
545 42.0 -2.83 2.13
546 42.0 -2.72 2.29
547 42.0 -2.60 2.44
548 42.0 -2.47 2.58
549 42.0 -2.33 2.73
550 42.0 -2.18 2.87
551 42.0 -2.01 3.01
552 42.0 -1.83 3.14
553 42.0 -1.64 3.27
554 42.0 -1.44 3.40
555 42.0 -1.22 3.53
556 42.0 -0.99 3.65
557 42.0 -0.75 3.77
558 42.0 -0.49 3.89
559 42.0 -0.21 4.01
560 42.0 0.08 4.13
561 43.0 -2.44 -0.49
562 43.0 -2.44 -0.39
563 43.0 -2.44 -0.29
564 43.0 -2.43 -0.18
565 43.0 -2.43 -0.08
566 43.0 -2.43 0.02
567 43.0 -2.43 0.12
568 43.0 -2.43 0.22
569 43.0 -2.43 0.33
570 43.0 -2.43 0.43
571 43.0 -2.42 0.53
572 43.0 -2.41 0.63
573 43.0 -2.40 0.73
574 43.0 -2.38 0.84
575 43.0 -2.36 0.94
576 43.0 -2.34 1.04
577 43.0 -2.31 1.14
578 43.0 -2.28 1.24
579 43.0 -2.23 1.35
580 43.0 -2.19 1.45
581 43.0 -2.13 1.55
582 43.0 -2.07 1.65
583 43.0 -2.00 1.76
584 43.0 -1.92 1.86
585 43.0 -1.84 1.96
586 43.0 -1.74 2.06
587 43.0 -1.63 2.16
588 43.0 -1.52 2.27
589 43.0 -1.39 2.37
590 43.0 -1.25 2.47
591 43.0 -1.10 2.57
592 43.0 -0.94 2.67
593 43.0 -0.76 2.78
594 43.0 -0.57 2.88
595 43.0 -0.37 2.98
596 43.0 -0.16 3.08
597 43.0 0.07 3.18
598 43.0 0.32 3.29
599 43.0 0.58 3.39
600 43.0 0.86 3.49
561 44.0 -1.60 -1.04
562 44.0 -1.59 -0.92
563 44.0 -1.58 -0.80
564 44.0 -1.57 -0.69
565 44.0 -1.57 -0.58
566 44.0 -1.57 -0.48
567 44.0 -1.57 -0.38
568 44.0 -1.57 -0.28
569 44.0 -1.58 -0.19
570 44.0 -1.58 -0.11
571 44.0 -1.59 -0.02
572 44.0 -1.59 0.06
573 44.0 -1.60 0.14
574 44.0 -1.60 0.21
575 44.0 -1.61 0.28
576 44.0 -1.61 0.35
577 44.0 -1.62 0.42
578 44.0 -1.62 0.49
579 44.0 -1.62 0.56
580 44.0 -1.61 0.63
581 44.0 -1.60 0.70
582 44.0 -1.59 0.78
583 44.0 -1.57 0.85
584 44.0 -1.54 0.93
585 44.0 -1.50 1.02
586 44.0 -1.45 1.10
587 44.0 -1.39 1.19
588 44.0 -1.32 1.28
589 44.0 -1.24 1.38
590 44.0 -1.14 1.48
591 44.0 -1.03 1.57
592 44.0 -0.90 1.67
593 44.0 -0.76 1.78
594 44.0 -0.60 1.88
595 44.0 -0.43 1.98
596 44.0 -0.24 2.09
597 44.0 -0.03 2.19
598 44.0 0.19 2.29
599 44.0 0.43 2.40
600 44.0 0.69 2.50
561 45.0 -3.33 -0.94
562 45.0 -3.32 -0.86
563 45.0 -3.31 -0.77
564 45.0 -3.30 -0.68
565 45.0 -3.30 -0.58
566 45.0 -3.30 -0.48
567 45.0 -3.30 -0.37
568 45.0 -3.30 -0.27
569 45.0 -3.31 -0.15
570 45.0 -3.31 -0.04
571 45.0 -3.32 0.08
572 45.0 -3.32 0.21
573 45.0 -3.32 0.34
574 45.0 -3.32 0.47
575 45.0 -3.31 0.61
576 45.0 -3.30 0.76
577 45.0 -3.28 0.90
578 45.0 -3.26 1.05
579 45.0 -3.22 1.21
580 45.0 -3.18 1.36
581 45.0 -3.13 1.52
582 45.0 -3.07 1.67
583 45.0 -3.00 1.83
584 45.0 -2.91 1.99
585 45.0 -2.82 2.14
586 45.0 -2.71 2.29
587 45.0 -2.59 2.44
588 45.0 -2.46 2.59
589 45.0 -2.32 2.73
590 45.0 -2.17 2.87
591 45.0 -2.00 3.01
592 45.0 -1.82 3.14
593 45.0 -1.63 3.27
594 45.0 -1.43 3.40
595 45.0 -1.21 3.53
596 45.0 -0.98 3.65
597 45.0 -0.73 3.77
598 45.0 -0.47 3.89
599 45.0 -0.20 4.01
600 45.0 0.09 4.13
601 46.0 -2.44 -0.49
602 46.0 -2.43 -0.39
603 46.0 -2.43 -0.29
604 46.0 -2.43 -0.18
605 46.0 -2.43 -0.08
606 46.0 -2.43 0.02
607 46.0 -2.43 0.12
608 46.0 -2.43 0.22
609 46.0 -2.43 0.33
610 46.0 -2.42 0.43
611 46.0 -2.42 0.53
612 46.0 -2.41 0.63
613 46.0 -2.40 0.73
614 46.0 -2.38 0.84
615 46.0 -2.36 0.94
616 46.0 -2.34 1.04
617 46.0 -2.31 1.14
618 46.0 -2.27 1.24
619 46.0 -2.23 1.35
620 46.0 -2.19 1.45
621 46.0 -2.13 1.55
622 46.0 -2.07 1.65
623 46.0 -2.00 1.76
624 46.0 -1.92 1.86
625 46.0 -1.84 1.96
626 46.0 -1.74 2.06
627 46.0 -1.63 2.16
628 46.0 -1.52 2.27
629 46.0 -1.39 2.37
630 46.0 -1.25 2.47
631 46.0 -1.10 2.57
632 46.0 -0.94 2.67
633 46.0 -0.77 2.78
634 46.0 -0.58 2.88
635 46.0 -0.38 2.98
636 46.0 -0.16 3.08
637 46.0 0.07 3.18
638 46.0 0.32 3.29
639 46.0 0.58 3.39
640 46.0 0.86 3.49
601 47.0 -1.60 -1.04
602 47.0 -1.59 -0.92
603 47.0 -1.58 -0.80
604 47.0 -1.57 -0.69
605 47.0 -1.57 -0.58
606 47.0 -1.57 -0.48
607 47.0 -1.57 -0.38
608 47.0 -1.57 -0.28
609 47.0 -1.57 -0.19
610 47.0 -1.58 -0.10
611 47.0 -1.58 -0.02
612 47.0 -1.59 0.06
613 47.0 -1.59 0.14
614 47.0 -1.60 0.21
615 47.0 -1.61 0.28
616 47.0 -1.61 0.36
617 47.0 -1.61 0.42
618 47.0 -1.61 0.49
619 47.0 -1.61 0.56
620 47.0 -1.61 0.63
621 47.0 -1.60 0.70
622 47.0 -1.59 0.78
623 47.0 -1.57 0.85
624 47.0 -1.54 0.93
625 47.0 -1.50 1.02
626 47.0 -1.45 1.10
627 47.0 -1.39 1.19
628 47.0 -1.32 1.28
629 47.0 -1.24 1.38
630 47.0 -1.14 1.48
631 47.0 -1.03 1.57
632 47.0 -0.90 1.67
633 47.0 -0.76 1.78
634 47.0 -0.60 1.88
635 47.0 -0.43 1.98
636 47.0 -0.24 2.09
637 47.0 -0.04 2.19
638 47.0 0.19 2.29
639 47.0 0.43 2.40
640 47.0 0.69 2.50
601 48.0 -3.33 -0.94
602 48.0 -3.32 -0.85
603 48.0 -3.31 -0.77
604 48.0 -3.30 -0.67
605 48.0 -3.30 -0.58
606 48.0 -3.30 -0.48
607 48.0 -3.30 -0.37
608 48.0 -3.30 -0.27
609 48.0 -3.30 -0.15
610 48.0 -3.31 -0.04
611 48.0 -3.31 0.08
612 48.0 -3.31 0.21
613 48.0 -3.31 0.34
614 48.0 -3.31 0.47
615 48.0 -3.31 0.61
616 48.0 -3.30 0.75
617 48.0 -3.28 0.90
618 48.0 -3.25 1.05
619 48.0 -3.22 1.20
620 48.0 -3.18 1.36
621 48.0 -3.13 1.51
622 48.0 -3.07 1.67
623 48.0 -3.00 1.83
624 48.0 -2.91 1.98
625 48.0 -2.82 2.14
626 48.0 -2.71 2.29
627 48.0 -2.60 2.44
628 48.0 -2.47 2.59
629 48.0 -2.32 2.73
630 48.0 -2.17 2.87
631 48.0 -2.00 3.01
632 48.0 -1.82 3.14
633 48.0 -1.63 3.27
634 48.0 -1.43 3.40
635 48.0 -1.21 3.53
636 48.0 -0.98 3.65
637 48.0 -0.74 3.77
638 48.0 -0.48 3.89
639 48.0 -0.20 4.01
640 48.0 0.09 4.13
641 49.0 -2.45 -0.49
642 49.0 -2.45 -0.39
643 49.0 -2.45 -0.29
644 49.0 -2.45 -0.18
645 49.0 -2.45 -0.08
646 49.0 -2.45 0.02
647 49.0 -2.45 0.12
648 49.0 -2.45 0.22
649 49.0 -2.44 0.33
650 49.0 -2.44 0.43
651 49.0 -2.43 0.53
652 49.0 -2.42 0.63
653 49.0 -2.41 0.73
654 49.0 -2.39 0.84
655 49.0 -2.37 0.94
656 49.0 -2.34 1.04
657 49.0 -2.31 1.14
658 49.0 -2.28 1.24
659 49.0 -2.23 1.35
660 49.0 -2.18 1.45
661 49.0 -2.13 1.55
662 49.0 -2.06 1.65
663 49.0 -1.99 1.76
664 49.0 -1.91 1.86
665 49.0 -1.82 1.96
666 49.0 -1.73 2.06
667 49.0 -1.62 2.16
668 49.0 -1.50 2.27
669 49.0 -1.37 2.37
670 49.0 -1.23 2.47
671 49.0 -1.08 2.57
672 49.0 -0.92 2.67
673 49.0 -0.74 2.78
674 49.0 -0.56 2.88
675 49.0 -0.35 2.98
676 49.0 -0.14 3.08
677 49.0 0.09 3.18
678 49.0 0.34 3.29
679 49.0 0.60 3.39
680 49.0 0.87 3.49
641 50.0 -1.61 -1.03
642 50.0 -1.60 -0.91
643 50.0 -1.59 -0.80
644 50.0 -1.58 -0.69
645 50.0 -1.58 -0.58
646 50.0 -1.58 -0.48
647 50.0 -1.58 -0.38
648 50.0 -1.59 -0.29
649 50.0 -1.59 -0.20
650 50.0 -1.60 -0.11
651 50.0 -1.60 -0.03
652 50.0 -1.61 0.05
653 50.0 -1.61 0.13
654 50.0 -1.62 0.20
655 50.0 -1.62 0.27
656 50.0 -1.63 0.34
657 50.0 -1.63 0.41
658 50.0 -1.63 0.48
659 50.0 -1.63 0.55
660 50.0 -1.62 0.62
661 50.0 -1.61 0.70
662 50.0 -1.59 0.77
663 50.0 -1.57 0.85
664 50.0 -1.54 0.93
665 50.0 -1.50 1.01
666 50.0 -1.45 1.10
667 50.0 -1.39 1.19
668 50.0 -1.31 1.28
669 50.0 -1.23 1.38
670 50.0 -1.13 1.48
671 50.0 -1.01 1.57
672 50.0 -0.88 1.67
673 50.0 -0.74 1.78
674 50.0 -0.58 1.88
675 50.0 -0.41 1.98
676 50.0 -0.22 2.08
677 50.0 -0.01 2.19
678 50.0 0.21 2.29
679 50.0 0.45 2.40
680 50.0 0.70 2.50
641 51.0 -3.34 -0.95
642 51.0 -3.33 -0.87
643 51.0 -3.32 -0.78
644 51.0 -3.31 -0.68
645 51.0 -3.31 -0.58
646 51.0 -3.31 -0.48
647 51.0 -3.32 -0.37
648 51.0 -3.32 -0.26
649 51.0 -3.32 -0.15
650 51.0 -3.33 -0.03
651 51.0 -3.33 0.09
652 51.0 -3.33 0.22
653 51.0 -3.33 0.35
654 51.0 -3.33 0.49
655 51.0 -3.32 0.63
656 51.0 -3.30 0.77
657 51.0 -3.29 0.92
658 51.0 -3.26 1.07
659 51.0 -3.22 1.22
660 51.0 -3.18 1.37
661 51.0 -3.13 1.53
662 51.0 -3.06 1.69
663 51.0 -2.99 1.84
664 51.0 -2.90 2.00
665 51.0 -2.81 2.15
666 51.0 -2.70 2.30
667 51.0 -2.58 2.45
668 51.0 -2.45 2.59
669 51.0 -2.30 2.73
670 51.0 -2.15 2.87
671 51.0 -1.98 3.01
672 51.0 -1.80 3.14
673 51.0 -1.61 3.27
674 51.0 -1.41 3.40
675 51.0 -1.19 3.53
676 51.0 -0.96 3.65
677 51.0 -0.72 3.77
678 51.0 -0.46 3.89
679 51.0 -0.19 4.01
680 51.0 0.10 4.13
681 52.0 -2.44 -0.49
682 52.0 -2.44 -0.39
683 52.0 -2.43 -0.29
684 52.0 -2.43 -0.18
685 52.0 -2.43 -0.08
686 52.0 -2.43 0.02
687 52.0 -2.43 0.12
688 52.0 -2.43 0.22
689 52.0 -2.43 0.33
690 52.0 -2.43 0.43
691 52.0 -2.42 0.53
692 52.0 -2.41 0.63
693 52.0 -2.40 0.73
694 52.0 -2.38 0.84
695 52.0 -2.36 0.94
696 52.0 -2.34 1.04
697 52.0 -2.31 1.14
698 52.0 -2.28 1.24
699 52.0 -2.23 1.35
700 52.0 -2.19 1.45
701 52.0 -2.13 1.55
702 52.0 -2.07 1.65
703 52.0 -2.00 1.76
704 52.0 -1.92 1.86
705 52.0 -1.84 1.96
706 52.0 -1.74 2.06
707 52.0 -1.63 2.16
708 52.0 -1.52 2.27
709 52.0 -1.39 2.37
710 52.0 -1.25 2.47
711 52.0 -1.10 2.57
712 52.0 -0.94 2.67
713 52.0 -0.77 2.78
714 52.0 -0.58 2.88
715 52.0 -0.38 2.98
716 52.0 -0.16 3.08
717 52.0 0.07 3.18
718 52.0 0.32 3.29
719 52.0 0.58 3.39
720 52.0 0.86 3.49
681 53.0 -1.60 -1.04
682 53.0 -1.59 -0.92
683 53.0 -1.58 -0.80
684 53.0 -1.57 -0.69
685 53.0 -1.57 -0.58
686 53.0 -1.57 -0.48
687 53.0 -1.57 -0.38
688 53.0 -1.57 -0.28
689 53.0 -1.57 -0.19
690 53.0 -1.58 -0.10
691 53.0 -1.58 -0.02
692 53.0 -1.59 0.06
693 53.0 -1.60 0.14
694 53.0 -1.60 0.21
695 53.0 -1.61 0.28
696 53.0 -1.61 0.35
697 53.0 -1.62 0.42
698 53.0 -1.62 0.49
699 53.0 -1.62 0.56
700 53.0 -1.61 0.63
701 53.0 -1.60 0.70
702 53.0 -1.59 0.78
703 53.0 -1.57 0.85
704 53.0 -1.54 0.93
705 53.0 -1.50 1.02
706 53.0 -1.45 1.10
707 53.0 -1.39 1.19
708 53.0 -1.32 1.28
709 53.0 -1.24 1.38
710 53.0 -1.14 1.48
711 53.0 -1.03 1.57
712 53.0 -0.90 1.67
713 53.0 -0.76 1.78
714 53.0 -0.60 1.88
715 53.0 -0.43 1.98
716 53.0 -0.24 2.09
717 53.0 -0.04 2.19
718 53.0 0.19 2.29
719 53.0 0.43 2.40
720 53.0 0.69 2.50
681 54.0 -3.33 -0.94
682 54.0 -3.32 -0.86
683 54.0 -3.31 -0.77
684 54.0 -3.30 -0.68
685 54.0 -3.30 -0.58
686 54.0 -3.30 -0.48
687 54.0 -3.30 -0.38
688 54.0 -3.30 -0.27
689 54.0 -3.31 -0.15
690 54.0 -3.31 -0.04
691 54.0 -3.31 0.08
692 54.0 -3.32 0.21
693 54.0 -3.32 0.34
694 54.0 -3.31 0.47
695 54.0 -3.31 0.61
696 54.0 -3.30 0.75
697 54.0 -3.28 0.90
698 54.0 -3.26 1.05
699 54.0 -3.22 1.20
700 54.0 -3.18 1.36
701 54.0 -3.13 1.52
702 54.0 -3.07 1.67
703 54.0 -3.00 1.83
704 54.0 -2.92 1.99
705 54.0 -2.82 2.14
706 54.0 -2.71 2.29
707 54.0 -2.60 2.44
708 54.0 -2.47 2.59
709 54.0 -2.32 2.73
710 54.0 -2.17 2.87
711 54.0 -2.00 3.01
712 54.0 -1.82 3.14
713 54.0 -1.63 3.27
714 54.0 -1.43 3.40
715 54.0 -1.21 3.53
716 54.0 -0.98 3.65
717 54.0 -0.74 3.77
718 54.0 -0.48 3.89
719 54.0 -0.20 4.01
720 54.0 0.09 4.13
721 55.0 -2.44 -0.49
722 55.0 -2.43 -0.39
723 55.0 -2.43 -0.29
724 55.0 -2.43 -0.18
725 55.0 -2.43 -0.08
726 55.0 -2.43 0.02
727 55.0 -2.43 0.12
728 55.0 -2.43 0.22
729 55.0 -2.43 0.33
730 55.0 -2.42 0.43
731 55.0 -2.42 0.53
732 55.0 -2.41 0.63
733 55.0 -2.40 0.73
734 55.0 -2.38 0.84
735 55.0 -2.36 0.94
736 55.0 -2.34 1.04
737 55.0 -2.31 1.14
738 55.0 -2.27 1.24
739 55.0 -2.23 1.35
740 55.0 -2.19 1.45
741 55.0 -2.13 1.55
742 55.0 -2.07 1.65
743 55.0 -2.00 1.76
744 55.0 -1.93 1.86
745 55.0 -1.84 1.96
746 55.0 -1.74 2.06
747 55.0 -1.64 2.16
748 55.0 -1.52 2.27
749 55.0 -1.40 2.37
750 55.0 -1.26 2.47
751 55.0 -1.11 2.57
752 55.0 -0.95 2.67
753 55.0 -0.77 2.78
754 55.0 -0.58 2.88
755 55.0 -0.38 2.98
756 55.0 -0.17 3.08
757 55.0 0.07 3.18
758 55.0 0.31 3.29
759 55.0 0.57 3.39
760 55.0 0.85 3.49
721 56.0 -1.60 -1.04
722 56.0 -1.59 -0.92
723 56.0 -1.58 -0.81
724 56.0 -1.57 -0.69
725 56.0 -1.56 -0.58
726 56.0 -1.56 -0.48
727 56.0 -1.56 -0.38
728 56.0 -1.57 -0.28
729 56.0 -1.57 -0.19
730 56.0 -1.57 -0.10
731 56.0 -1.58 -0.02
732 56.0 -1.59 0.06
733 56.0 -1.59 0.14
734 56.0 -1.60 0.22
735 56.0 -1.60 0.29
736 56.0 -1.61 0.36
737 56.0 -1.61 0.43
738 56.0 -1.61 0.50
739 56.0 -1.61 0.56
740 56.0 -1.61 0.63
741 56.0 -1.60 0.71
742 56.0 -1.59 0.78
743 56.0 -1.57 0.86
744 56.0 -1.54 0.94
745 56.0 -1.50 1.02
746 56.0 -1.46 1.10
747 56.0 -1.40 1.19
748 56.0 -1.33 1.28
749 56.0 -1.24 1.38
750 56.0 -1.15 1.48
751 56.0 -1.03 1.57
752 56.0 -0.91 1.67
753 56.0 -0.77 1.78
754 56.0 -0.61 1.88
755 56.0 -0.44 1.98
756 56.0 -0.25 2.09
757 56.0 -0.04 2.19
758 56.0 0.18 2.29
759 56.0 0.42 2.40
760 56.0 0.68 2.50
721 57.0 -3.33 -0.93
722 57.0 -3.32 -0.85
723 57.0 -3.31 -0.77
724 57.0 -3.30 -0.67
725 57.0 -3.30 -0.58
726 57.0 -3.29 -0.48
727 57.0 -3.30 -0.38
728 57.0 -3.30 -0.27
729 57.0 -3.30 -0.16
730 57.0 -3.30 -0.04
731 57.0 -3.31 0.08
732 57.0 -3.31 0.21
733 57.0 -3.31 0.33
734 57.0 -3.31 0.47
735 57.0 -3.30 0.61
736 57.0 -3.29 0.75
737 57.0 -3.28 0.90
738 57.0 -3.25 1.05
739 57.0 -3.22 1.20
740 57.0 -3.18 1.35
741 57.0 -3.13 1.51
742 57.0 -3.07 1.67
743 57.0 -3.00 1.83
744 57.0 -2.92 1.98
745 57.0 -2.82 2.14
746 57.0 -2.72 2.29
747 57.0 -2.60 2.44
748 57.0 -2.47 2.58
749 57.0 -2.33 2.73
750 57.0 -2.18 2.87
751 57.0 -2.01 3.01
752 57.0 -1.83 3.14
753 57.0 -1.64 3.27
754 57.0 -1.44 3.40
755 57.0 -1.22 3.53
756 57.0 -0.99 3.65
757 57.0 -0.74 3.77
758 57.0 -0.48 3.89
759 57.0 -0.21 4.01
760 57.0 0.08 4.13
761 58.0 -2.44 -0.49
762 58.0 -2.44 -0.39
763 58.0 -2.43 -0.29
764 58.0 -2.43 -0.18
765 58.0 -2.43 -0.08
766 58.0 -2.43 0.02
767 58.0 -2.43 0.12
768 58.0 -2.43 0.22
769 58.0 -2.43 0.33
770 58.0 -2.42 0.43
771 58.0 -2.42 0.53
772 58.0 -2.41 0.63
773 58.0 -2.40 0.73
774 58.0 -2.38 0.84
775 58.0 -2.36 0.94
776 58.0 -2.34 1.04
777 58.0 -2.31 1.14
778 58.0 -2.28 1.24
779 58.0 -2.23 1.35
780 58.0 -2.19 1.45
781 58.0 -2.13 1.55
782 58.0 -2.07 1.65
783 58.0 -2.00 1.76
784 58.0 -1.92 1.86
785 58.0 -1.84 1.96
786 58.0 -1.74 2.06
787 58.0 -1.64 2.16
788 58.0 -1.52 2.27
789 58.0 -1.39 2.37
790 58.0 -1.25 2.47
791 58.0 -1.10 2.57
792 58.0 -0.94 2.67
793 58.0 -0.77 2.78
794 58.0 -0.58 2.88
795 58.0 -0.38 2.98
796 58.0 -0.16 3.08
797 58.0 0.07 3.18
798 58.0 0.32 3.29
799 58.0 0.58 3.39
800 58.0 0.85 3.49
761 59.0 -1.60 -1.04
762 59.0 -1.59 -0.92
763 59.0 -1.58 -0.80
764 59.0 -1.57 -0.69
765 59.0 -1.57 -0.58
766 59.0 -1.57 -0.48
767 59.0 -1.57 -0.38
768 59.0 -1.57 -0.28
769 59.0 -1.57 -0.19
770 59.0 -1.58 -0.10
771 59.0 -1.58 -0.02
772 59.0 -1.59 0.06
773 59.0 -1.60 0.14
774 59.0 -1.60 0.21
775 59.0 -1.61 0.29
776 59.0 -1.61 0.36
777 59.0 -1.61 0.42
778 59.0 -1.62 0.49
779 59.0 -1.62 0.56
780 59.0 -1.61 0.63
781 59.0 -1.60 0.70
782 59.0 -1.59 0.78
783 59.0 -1.57 0.85
784 59.0 -1.54 0.93
785 59.0 -1.50 1.02
786 59.0 -1.45 1.10
787 59.0 -1.40 1.19
788 59.0 -1.32 1.28
789 59.0 -1.24 1.38
790 59.0 -1.14 1.48
791 59.0 -1.03 1.57
792 59.0 -0.90 1.67
793 59.0 -0.76 1.78
794 59.0 -0.61 1.88
795 59.0 -0.43 1.98
796 59.0 -0.24 2.09
797 59.0 -0.04 2.19
798 59.0 0.19 2.29
799 59.0 0.43 2.40
800 59.0 0.68 2.50
761 60.0 -3.33 -0.94
762 60.0 -3.32 -0.85
763 60.0 -3.31 -0.77
764 60.0 -3.30 -0.68
765 60.0 -3.30 -0.58
766 60.0 -3.30 -0.48
767 60.0 -3.30 -0.38
768 60.0 -3.30 -0.27
769 60.0 -3.30 -0.15
770 60.0 -3.31 -0.04
771 60.0 -3.31 0.08
772 60.0 -3.32 0.21
773 60.0 -3.32 0.34
774 60.0 -3.31 0.47
775 60.0 -3.31 0.61
776 60.0 -3.30 0.75
777 60.0 -3.28 0.90
778 60.0 -3.26 1.05
779 60.0 -3.22 1.20
780 60.0 -3.18 1.36
781 60.0 -3.13 1.51
782 60.0 -3.07 1.67
783 60.0 -3.00 1.83
784 60.0 -2.92 1.98
785 60.0 -2.82 2.14
786 60.0 -2.72 2.29
787 60.0 -2.60 2.44
788 60.0 -2.47 2.59
789 60.0 -2.32 2.73
790 60.0 -2.17 2.87
791 60.0 -2.00 3.01
792 60.0 -1.83 3.14
793 60.0 -1.64 3.27
794 60.0 -1.43 3.40
795 60.0 -1.21 3.53
796 60.0 -0.98 3.65
797 60.0 -0.74 3.77
798 60.0 -0.48 3.89
799 60.0 -0.20 4.01
800 60.0 0.09 4.13
801 61.0 -2.44 -0.49
802 61.0 -2.43 -0.39
803 61.0 -2.43 -0.29
804 61.0 -2.43 -0.18
805 61.0 -2.43 -0.08
806 61.0 -2.43 0.02
807 61.0 -2.43 0.12
808 61.0 -2.43 0.22
809 61.0 -2.43 0.33
810 61.0 -2.42 0.43
811 61.0 -2.42 0.53
812 61.0 -2.41 0.63
813 61.0 -2.40 0.73
814 61.0 -2.38 0.84
815 61.0 -2.36 0.94
816 61.0 -2.34 1.04
817 61.0 -2.31 1.14
818 61.0 -2.28 1.24
819 61.0 -2.23 1.35
820 61.0 -2.19 1.45
821 61.0 -2.13 1.55
822 61.0 -2.07 1.65
823 61.0 -2.00 1.76
824 61.0 -1.93 1.86
825 61.0 -1.84 1.96
826 61.0 -1.74 2.06
827 61.0 -1.64 2.16
828 61.0 -1.52 2.27
829 61.0 -1.39 2.37
830 61.0 -1.26 2.47
831 61.0 -1.11 2.57
832 61.0 -0.94 2.67
833 61.0 -0.77 2.78
834 61.0 -0.58 2.88
835 61.0 -0.38 2.98
836 61.0 -0.16 3.08
837 61.0 0.07 3.18
838 61.0 0.31 3.29
839 61.0 0.58 3.39
840 61.0 0.85 3.49
801 62.0 -1.60 -1.04
802 62.0 -1.59 -0.92
803 62.0 -1.58 -0.80
804 62.0 -1.57 -0.69
805 62.0 -1.57 -0.58
806 62.0 -1.57 -0.48
807 62.0 -1.57 -0.38
808 62.0 -1.57 -0.28
809 62.0 -1.57 -0.19
810 62.0 -1.58 -0.10
811 62.0 -1.58 -0.02
812 62.0 -1.59 0.06
813 62.0 -1.59 0.14
814 62.0 -1.60 0.21
815 62.0 -1.61 0.29
816 62.0 -1.61 0.36
817 62.0 -1.61 0.42
818 62.0 -1.62 0.49
819 62.0 -1.61 0.56
820 62.0 -1.61 0.63
821 62.0 -1.60 0.70
822 62.0 -1.59 0.78
823 62.0 -1.57 0.85
824 62.0 -1.54 0.93
825 62.0 -1.50 1.02
826 62.0 -1.45 1.10
827 62.0 -1.40 1.19
828 62.0 -1.32 1.28
829 62.0 -1.24 1.38
830 62.0 -1.14 1.48
831 62.0 -1.03 1.57
832 62.0 -0.91 1.67
833 62.0 -0.76 1.78
834 62.0 -0.61 1.88
835 62.0 -0.43 1.98
836 62.0 -0.24 2.09
837 62.0 -0.04 2.19
838 62.0 0.19 2.29
839 62.0 0.43 2.40
840 62.0 0.68 2.50
801 63.0 -3.33 -0.94
802 63.0 -3.32 -0.85
803 63.0 -3.31 -0.77
804 63.0 -3.30 -0.68
805 63.0 -3.30 -0.58
806 63.0 -3.30 -0.48
807 63.0 -3.30 -0.38
808 63.0 -3.30 -0.27
809 63.0 -3.30 -0.16
810 63.0 -3.31 -0.04
811 63.0 -3.31 0.08
812 63.0 -3.31 0.21
813 63.0 -3.32 0.34
814 63.0 -3.31 0.47
815 63.0 -3.31 0.61
816 63.0 -3.30 0.75
817 63.0 -3.28 0.90
818 63.0 -3.26 1.05
819 63.0 -3.22 1.20
820 63.0 -3.18 1.36
821 63.0 -3.13 1.51
822 63.0 -3.07 1.67
823 63.0 -3.00 1.83
824 63.0 -2.92 1.98
825 63.0 -2.82 2.14
826 63.0 -2.72 2.29
827 63.0 -2.60 2.44
828 63.0 -2.47 2.59
829 63.0 -2.33 2.73
830 63.0 -2.17 2.87
831 63.0 -2.01 3.01
832 63.0 -1.83 3.14
833 63.0 -1.64 3.27
834 63.0 -1.43 3.40
835 63.0 -1.21 3.53
836 63.0 -0.98 3.65
837 63.0 -0.74 3.77
838 63.0 -0.48 3.89
839 63.0 -0.20 4.01
840 63.0 0.09 4.13
841 64.0 -2.43 -0.49
842 64.0 -2.43 -0.39
843 64.0 -2.43 -0.29
844 64.0 -2.43 -0.18
845 64.0 -2.43 -0.08
846 64.0 -2.43 0.02
847 64.0 -2.43 0.12
848 64.0 -2.42 0.22
849 64.0 -2.42 0.33
850 64.0 -2.42 0.43
851 64.0 -2.41 0.53
852 64.0 -2.41 0.63
853 64.0 -2.39 0.73
854 64.0 -2.38 0.84
855 64.0 -2.36 0.94
856 64.0 -2.34 1.04
857 64.0 -2.31 1.14
858 64.0 -2.27 1.24
859 64.0 -2.24 1.35
860 64.0 -2.19 1.45
861 64.0 -2.14 1.55
862 64.0 -2.07 1.65
863 64.0 -2.01 1.76
864 64.0 -1.93 1.86
865 64.0 -1.84 1.96
866 64.0 -1.75 2.06
867 64.0 -1.64 2.16
868 64.0 -1.53 2.27
869 64.0 -1.40 2.37
870 64.0 -1.26 2.47
871 64.0 -1.11 2.57
872 64.0 -0.95 2.67
873 64.0 -0.78 2.78
874 64.0 -0.59 2.88
875 64.0 -0.39 2.98
876 64.0 -0.17 3.08
877 64.0 0.06 3.18
878 64.0 0.31 3.29
879 64.0 0.57 3.39
880 64.0 0.85 3.49
841 65.0 -1.60 -1.05
842 65.0 -1.59 -0.92
843 65.0 -1.57 -0.81
844 65.0 -1.57 -0.69
845 65.0 -1.56 -0.58
846 65.0 -1.56 -0.48
847 65.0 -1.56 -0.38
848 65.0 -1.56 -0.28
849 65.0 -1.57 -0.19
850 65.0 -1.57 -0.10
851 65.0 -1.58 -0.02
852 65.0 -1.58 0.07
853 65.0 -1.59 0.14
854 65.0 -1.59 0.22
855 65.0 -1.60 0.29
856 65.0 -1.60 0.36
857 65.0 -1.61 0.43
858 65.0 -1.61 0.50
859 65.0 -1.61 0.57
860 65.0 -1.61 0.64
861 65.0 -1.60 0.71
862 65.0 -1.59 0.78
863 65.0 -1.57 0.86
864 65.0 -1.54 0.94
865 65.0 -1.50 1.02
866 65.0 -1.46 1.10
867 65.0 -1.40 1.19
868 65.0 -1.33 1.29
869 65.0 -1.25 1.38
870 65.0 -1.15 1.48
871 65.0 -1.04 1.57
872 65.0 -0.91 1.67
873 65.0 -0.77 1.78
874 65.0 -0.61 1.88
875 65.0 -0.44 1.98
876 65.0 -0.25 2.09
877 65.0 -0.05 2.19
878 65.0 0.18 2.29
879 65.0 0.42 2.40
880 65.0 0.68 2.50
841 66.0 -3.33 -0.93
842 66.0 -3.32 -0.85
843 66.0 -3.31 -0.76
844 66.0 -3.30 -0.67
845 66.0 -3.29 -0.58
846 66.0 -3.29 -0.48
847 66.0 -3.29 -0.38
848 66.0 -3.29 -0.27
849 66.0 -3.30 -0.16
850 66.0 -3.30 -0.04
851 66.0 -3.31 0.08
852 66.0 -3.31 0.20
853 66.0 -3.31 0.33
854 66.0 -3.31 0.47
855 66.0 -3.30 0.60
856 66.0 -3.29 0.75
857 66.0 -3.28 0.89
858 66.0 -3.25 1.04
859 66.0 -3.22 1.20
860 66.0 -3.18 1.35
861 66.0 -3.13 1.51
862 66.0 -3.07 1.67
863 66.0 -3.00 1.82
864 66.0 -2.92 1.98
865 66.0 -2.83 2.13
866 66.0 -2.72 2.29
867 66.0 -2.60 2.44
868 66.0 -2.47 2.58
869 66.0 -2.33 2.73
870 66.0 -2.18 2.87
871 66.0 -2.01 3.01
872 66.0 -1.84 3.14
873 66.0 -1.64 3.27
874 66.0 -1.44 3.40
875 66.0 -1.22 3.53
876 66.0 -0.99 3.65
877 66.0 -0.75 3.77
878 66.0 -0.49 3.89
879 66.0 -0.21 4.01
880 66.0 0.08 4.13
881 67.0 -2.44 -0.49
882 67.0 -2.43 -0.39
883 67.0 -2.43 -0.29
884 67.0 -2.43 -0.18
885 67.0 -2.43 -0.08
886 67.0 -2.43 0.02
887 67.0 -2.43 0.12
888 67.0 -2.43 0.22
889 67.0 -2.43 0.33
890 67.0 -2.42 0.43
891 67.0 -2.42 0.53
892 67.0 -2.41 0.63
893 67.0 -2.40 0.73
894 67.0 -2.38 0.84
895 67.0 -2.36 0.94
896 67.0 -2.34 1.04
897 67.0 -2.31 1.14
898 67.0 -2.27 1.24
899 67.0 -2.23 1.35
900 67.0 -2.19 1.45
901 67.0 -2.13 1.55
902 67.0 -2.07 1.65
903 67.0 -2.00 1.76
904 67.0 -1.93 1.86
905 67.0 -1.84 1.96
906 67.0 -1.74 2.06
907 67.0 -1.64 2.16
908 67.0 -1.52 2.27
909 67.0 -1.39 2.37
910 67.0 -1.26 2.47
911 67.0 -1.11 2.57
912 67.0 -0.94 2.67
913 67.0 -0.77 2.78
914 67.0 -0.58 2.88
915 67.0 -0.38 2.98
916 67.0 -0.16 3.08
917 67.0 0.07 3.18
918 67.0 0.31 3.29
919 67.0 0.58 3.39
920 67.0 0.85 3.49
881 68.0 -1.60 -1.04
882 68.0 -1.59 -0.92
883 68.0 -1.58 -0.80
884 68.0 -1.57 -0.69
885 68.0 -1.57 -0.58
886 68.0 -1.56 -0.48
887 68.0 -1.56 -0.38
888 68.0 -1.57 -0.28
889 68.0 -1.57 -0.19
890 68.0 -1.58 -0.10
891 68.0 -1.58 -0.02
892 68.0 -1.59 0.06
893 68.0 -1.59 0.14
894 68.0 -1.60 0.21
895 68.0 -1.60 0.29
896 68.0 -1.61 0.36
897 68.0 -1.61 0.43
898 68.0 -1.61 0.49
899 68.0 -1.61 0.56
900 68.0 -1.61 0.63
901 68.0 -1.60 0.70
902 68.0 -1.59 0.78
903 68.0 -1.57 0.86
904 68.0 -1.54 0.93
905 68.0 -1.50 1.02
906 68.0 -1.45 1.10
907 68.0 -1.40 1.19
908 68.0 -1.33 1.28
909 68.0 -1.24 1.38
910 68.0 -1.14 1.48
911 68.0 -1.03 1.57
912 68.0 -0.91 1.67
913 68.0 -0.76 1.78
914 68.0 -0.61 1.88
915 68.0 -0.43 1.98
916 68.0 -0.25 2.09
917 68.0 -0.04 2.19
918 68.0 0.18 2.29
919 68.0 0.42 2.40
920 68.0 0.68 2.50
881 69.0 -3.33 -0.94
882 69.0 -3.32 -0.85
883 69.0 -3.31 -0.77
884 69.0 -3.30 -0.67
885 69.0 -3.30 -0.58
886 69.0 -3.30 -0.48
887 69.0 -3.30 -0.38
888 69.0 -3.30 -0.27
889 69.0 -3.30 -0.16
890 69.0 -3.31 -0.04
891 69.0 -3.31 0.08
892 69.0 -3.31 0.21
893 69.0 -3.31 0.34
894 69.0 -3.31 0.47
895 69.0 -3.31 0.61
896 69.0 -3.30 0.75
897 69.0 -3.28 0.90
898 69.0 -3.26 1.05
899 69.0 -3.22 1.20
900 69.0 -3.18 1.36
901 69.0 -3.13 1.51
902 69.0 -3.07 1.67
903 69.0 -3.00 1.83
904 69.0 -2.92 1.98
905 69.0 -2.82 2.14
906 69.0 -2.72 2.29
907 69.0 -2.60 2.44
908 69.0 -2.47 2.59
909 69.0 -2.33 2.73
910 69.0 -2.17 2.87
911 69.0 -2.01 3.01
912 69.0 -1.83 3.14
913 69.0 -1.64 3.27
914 69.0 -1.43 3.40
915 69.0 -1.22 3.53
916 69.0 -0.98 3.65
917 69.0 -0.74 3.77
918 69.0 -0.48 3.89
919 69.0 -0.21 4.01
920 69.0 0.08 4.13
921 70.0 -2.44 -0.49
922 70.0 -2.44 -0.39
923 70.0 -2.43 -0.29
924 70.0 -2.43 -0.18
925 70.0 -2.43 -0.08
926 70.0 -2.43 0.02
927 70.0 -2.43 0.12
928 70.0 -2.43 0.22
929 70.0 -2.43 0.33
930 70.0 -2.43 0.43
931 70.0 -2.42 0.53
932 70.0 -2.41 0.63
933 70.0 -2.40 0.73
934 70.0 -2.38 0.84
935 70.0 -2.36 0.94
936 70.0 -2.34 1.04
937 70.0 -2.31 1.14
938 70.0 -2.27 1.24
939 70.0 -2.23 1.35
940 70.0 -2.19 1.45
941 70.0 -2.13 1.55
942 70.0 -2.07 1.65
943 70.0 -2.00 1.76
944 70.0 -1.92 1.86
945 70.0 -1.84 1.96
946 70.0 -1.74 2.06
947 70.0 -1.63 2.16
948 70.0 -1.52 2.27
949 70.0 -1.39 2.37
950 70.0 -1.25 2.47
951 70.0 -1.10 2.57
952 70.0 -0.94 2.67
953 70.0 -0.76 2.78
954 70.0 -0.58 2.88
955 70.0 -0.37 2.98
956 70.0 -0.16 3.08
957 70.0 0.07 3.18
958 70.0 0.32 3.29
959 70.0 0.58 3.39
960 70.0 0.86 3.49
921 71.0 -1.60 -1.04
922 71.0 -1.59 -0.92
923 71.0 -1.58 -0.80
924 71.0 -1.57 -0.69
925 71.0 -1.57 -0.58
926 71.0 -1.57 -0.48
927 71.0 -1.57 -0.38
928 71.0 -1.57 -0.28
929 71.0 -1.58 -0.19
930 71.0 -1.58 -0.10
931 71.0 -1.59 -0.02
932 71.0 -1.59 0.06
933 71.0 -1.60 0.14
934 71.0 -1.60 0.21
935 71.0 -1.61 0.28
936 71.0 -1.61 0.35
937 71.0 -1.62 0.42
938 71.0 -1.62 0.49
939 71.0 -1.62 0.56
940 71.0 -1.61 0.63
941 71.0 -1.60 0.70
942 71.0 -1.59 0.78
943 71.0 -1.57 0.85
944 71.0 -1.54 0.93
945 71.0 -1.50 1.02
946 71.0 -1.45 1.10
947 71.0 -1.39 1.19
948 71.0 -1.32 1.28
949 71.0 -1.24 1.38
950 71.0 -1.14 1.48
951 71.0 -1.03 1.57
952 71.0 -0.90 1.67
953 71.0 -0.76 1.78
954 71.0 -0.60 1.88
955 71.0 -0.43 1.98
956 71.0 -0.24 2.09
957 71.0 -0.03 2.19
958 71.0 0.19 2.29
959 71.0 0.43 2.40
960 71.0 0.69 2.50
921 72.0 -3.33 -0.94
922 72.0 -3.32 -0.86
923 72.0 -3.31 -0.77
924 72.0 -3.30 -0.68
925 72.0 -3.30 -0.58
926 72.0 -3.30 -0.48
927 72.0 -3.30 -0.37
928 72.0 -3.30 -0.27
929 72.0 -3.31 -0.15
930 72.0 -3.31 -0.04
931 72.0 -3.31 0.08
932 72.0 -3.32 0.21
933 72.0 -3.32 0.34
934 72.0 -3.31 0.47
935 72.0 -3.31 0.61
936 72.0 -3.30 0.75
937 72.0 -3.28 0.90
938 72.0 -3.26 1.05
939 72.0 -3.22 1.20
940 72.0 -3.18 1.36
941 72.0 -3.13 1.52
942 72.0 -3.07 1.67
943 72.0 -3.00 1.83
944 72.0 -2.91 1.99
945 72.0 -2.82 2.14
946 72.0 -2.71 2.29
947 72.0 -2.59 2.44
948 72.0 -2.46 2.59
949 72.0 -2.32 2.73
950 72.0 -2.17 2.87
951 72.0 -2.00 3.01
952 72.0 -1.82 3.14
953 72.0 -1.63 3.27
954 72.0 -1.43 3.40
955 72.0 -1.21 3.53
956 72.0 -0.98 3.65
957 72.0 -0.74 3.77
958 72.0 -0.48 3.89
959 72.0 -0.20 4.01
960 72.0 0.09 4.13
961 73.0 -2.44 -0.49
962 73.0 -2.43 -0.39
963 73.0 -2.43 -0.29
964 73.0 -2.43 -0.18
965 73.0 -2.43 -0.08
966 73.0 -2.43 0.02
967 73.0 -2.43 0.12
968 73.0 -2.43 0.22
969 73.0 -2.43 0.33
970 73.0 -2.42 0.43
971 73.0 -2.42 0.53
972 73.0 -2.41 0.63
973 73.0 -2.40 0.73
974 73.0 -2.38 0.84
975 73.0 -2.36 0.94
976 73.0 -2.34 1.04
977 73.0 -2.31 1.14
978 73.0 -2.28 1.24
979 73.0 -2.23 1.35
980 73.0 -2.19 1.45
981 73.0 -2.13 1.55
982 73.0 -2.07 1.65
983 73.0 -2.00 1.76
984 73.0 -1.93 1.86
985 73.0 -1.84 1.96
986 73.0 -1.74 2.06
987 73.0 -1.64 2.16
988 73.0 -1.52 2.27
989 73.0 -1.40 2.37
990 73.0 -1.26 2.47
991 73.0 -1.11 2.57
992 73.0 -0.95 2.67
993 73.0 -0.77 2.78
994 73.0 -0.58 2.88
995 73.0 -0.38 2.98
996 73.0 -0.16 3.08
997 73.0 0.07 3.18
998 73.0 0.31 3.29
999 73.0 0.57 3.39
1000 73.0 0.85 3.49
961 74.0 -1.60 -1.04
962 74.0 -1.59 -0.92
963 74.0 -1.58 -0.81
964 74.0 -1.57 -0.69
965 74.0 -1.56 -0.58
966 74.0 -1.56 -0.48
967 74.0 -1.56 -0.38
968 74.0 -1.57 -0.28
969 74.0 -1.57 -0.19
970 74.0 -1.57 -0.10
971 74.0 -1.58 -0.02
972 74.0 -1.59 0.06
973 74.0 -1.59 0.14
974 74.0 -1.60 0.22
975 74.0 -1.60 0.29
976 74.0 -1.61 0.36
977 74.0 -1.61 0.43
978 74.0 -1.61 0.50
979 74.0 -1.61 0.56
980 74.0 -1.61 0.63
981 74.0 -1.60 0.71
982 74.0 -1.59 0.78
983 74.0 -1.57 0.86
984 74.0 -1.54 0.94
985 74.0 -1.50 1.02
986 74.0 -1.46 1.10
987 74.0 -1.40 1.19
988 74.0 -1.33 1.28
989 74.0 -1.24 1.38
990 74.0 -1.15 1.48
991 74.0 -1.03 1.57
992 74.0 -0.91 1.67
993 74.0 -0.77 1.78
994 74.0 -0.61 1.88
995 74.0 -0.44 1.98
996 74.0 -0.25 2.09
997 74.0 -0.04 2.19
998 74.0 0.18 2.29
999 74.0 0.42 2.40
1000 74.0 0.68 2.50
961 75.0 -3.33 -0.94
962 75.0 -3.32 -0.85
963 75.0 -3.31 -0.77
964 75.0 -3.30 -0.67
965 75.0 -3.30 -0.58
966 75.0 -3.29 -0.48
967 75.0 -3.30 -0.38
968 75.0 -3.30 -0.27
969 75.0 -3.30 -0.16
970 75.0 -3.31 -0.04
971 75.0 -3.31 0.08
972 75.0 -3.31 0.21
973 75.0 -3.31 0.34
974 75.0 -3.31 0.47
975 75.0 -3.31 0.61
976 75.0 -3.29 0.75
977 75.0 -3.28 0.90
978 75.0 -3.26 1.05
979 75.0 -3.22 1.20
980 75.0 -3.18 1.35
981 75.0 -3.13 1.51
982 75.0 -3.07 1.67
983 75.0 -3.00 1.83
984 75.0 -2.92 1.98
985 75.0 -2.82 2.14
986 75.0 -2.72 2.29
987 75.0 -2.60 2.44
988 75.0 -2.47 2.59
989 75.0 -2.33 2.73
990 75.0 -2.17 2.87
991 75.0 -2.01 3.01
992 75.0 -1.83 3.14
993 75.0 -1.64 3.27
994 75.0 -1.44 3.40
995 75.0 -1.22 3.53
996 75.0 -0.99 3.65
997 75.0 -0.74 3.77
998 75.0 -0.48 3.89
999 75.0 -0.21 4.01
1000 75.0 0.08 4.13
1001 76.0 -2.44 -0.49
1002 76.0 -2.44 -0.39
1003 76.0 -2.43 -0.29
1004 76.0 -2.43 -0.18
1005 76.0 -2.43 -0.08
1006 76.0 -2.43 0.02
1007 76.0 -2.43 0.12
1008 76.0 -2.43 0.22
1009 76.0 -2.43 0.33
1010 76.0 -2.42 0.43
1011 76.0 -2.42 0.53
1012 76.0 -2.41 0.63
1013 76.0 -2.40 0.73
1014 76.0 -2.38 0.84
1015 76.0 -2.36 0.94
1016 76.0 -2.34 1.04
1017 76.0 -2.31 1.14
1018 76.0 -2.27 1.24
1019 76.0 -2.23 1.35
1020 76.0 -2.19 1.45
1021 76.0 -2.13 1.55
1022 76.0 -2.07 1.65
1023 76.0 -2.00 1.76
1024 76.0 -1.92 1.86
1025 76.0 -1.84 1.96
1026 76.0 -1.74 2.06
1027 76.0 -1.63 2.16
1028 76.0 -1.52 2.27
1029 76.0 -1.39 2.37
1030 76.0 -1.25 2.47
1031 76.0 -1.10 2.57
1032 76.0 -0.94 2.67
1033 76.0 -0.77 2.78
1034 76.0 -0.58 2.88
1035 76.0 -0.38 2.98
1036 76.0 -0.16 3.08
1037 76.0 0.07 3.18
1038 76.0 0.32 3.29
1039 76.0 0.58 3.39
1040 76.0 0.86 3.49
1001 77.0 -1.60 -1.04
1002 77.0 -1.59 -0.92
1003 77.0 -1.58 -0.80
1004 77.0 -1.57 -0.69
1005 77.0 -1.57 -0.58
1006 77.0 -1.57 -0.48
1007 77.0 -1.57 -0.38
1008 77.0 -1.57 -0.28
1009 77.0 -1.57 -0.19
1010 77.0 -1.58 -0.10
1011 77.0 -1.58 -0.02
1012 77.0 -1.59 0.06
1013 77.0 -1.60 0.14
1014 77.0 -1.60 0.21
1015 77.0 -1.61 0.28
1016 77.0 -1.61 0.35
1017 77.0 -1.61 0.42
1018 77.0 -1.62 0.49
1019 77.0 -1.62 0.56
1020 77.0 -1.61 0.63
1021 77.0 -1.60 0.70
1022 77.0 -1.59 0.78
1023 77.0 -1.57 0.85
1024 77.0 -1.54 0.93
1025 77.0 -1.50 1.02
1026 77.0 -1.45 1.10
1027 77.0 -1.39 1.19
1028 77.0 -1.32 1.28
1029 77.0 -1.24 1.38
1030 77.0 -1.14 1.48
1031 77.0 -1.03 1.57
1032 77.0 -0.90 1.67
1033 77.0 -0.76 1.78
1034 77.0 -0.60 1.88
1035 77.0 -0.43 1.98
1036 77.0 -0.24 2.09
1037 77.0 -0.04 2.19
1038 77.0 0.19 2.29
1039 77.0 0.43 2.40
1040 77.0 0.69 2.50
1001 78.0 -3.33 -0.94
1002 78.0 -3.32 -0.86
1003 78.0 -3.31 -0.77
1004 78.0 -3.30 -0.68
1005 78.0 -3.30 -0.58
1006 78.0 -3.30 -0.48
1007 78.0 -3.30 -0.38
1008 78.0 -3.30 -0.27
1009 78.0 -3.31 -0.15
1010 78.0 -3.31 -0.04
1011 78.0 -3.31 0.08
1012 78.0 -3.32 0.21
1013 78.0 -3.32 0.34
1014 78.0 -3.31 0.47
1015 78.0 -3.31 0.61
1016 78.0 -3.30 0.75
1017 78.0 -3.28 0.90
1018 78.0 -3.26 1.05
1019 78.0 -3.22 1.20
1020 78.0 -3.18 1.36
1021 78.0 -3.13 1.52
1022 78.0 -3.07 1.67
1023 78.0 -3.00 1.83
1024 78.0 -2.92 1.99
1025 78.0 -2.82 2.14
1026 78.0 -2.71 2.29
1027 78.0 -2.60 2.44
1028 78.0 -2.47 2.59
1029 78.0 -2.32 2.73
1030 78.0 -2.17 2.87
1031 78.0 -2.00 3.01
1032 78.0 -1.82 3.14
1033 78.0 -1.63 3.27
1034 78.0 -1.43 3.40
1035 78.0 -1.21 3.53
1036 78.0 -0.98 3.65
1037 78.0 -0.74 3.77
1038 78.0 -0.48 3.89
1039 78.0 -0.20 4.01
1040 78.0 0.09 4.13
1041 79.0 -2.43 -0.49
1042 79.0 -2.43 -0.39
1043 79.0 -2.43 -0.29
1044 79.0 -2.43 -0.18
1045 79.0 -2.43 -0.08
1046 79.0 -2.43 0.02
1047 79.0 -2.43 0.12
1048 79.0 -2.42 0.22
1049 79.0 -2.42 0.33
1050 79.0 -2.42 0.43
1051 79.0 -2.41 0.53
1052 79.0 -2.41 0.63
1053 79.0 -2.39 0.73
1054 79.0 -2.38 0.84
1055 79.0 -2.36 0.94
1056 79.0 -2.34 1.04
1057 79.0 -2.31 1.14
1058 79.0 -2.27 1.24
1059 79.0 -2.23 1.35
1060 79.0 -2.19 1.45
1061 79.0 -2.13 1.55
1062 79.0 -2.07 1.65
1063 79.0 -2.01 1.76
1064 79.0 -1.93 1.86
1065 79.0 -1.84 1.96
1066 79.0 -1.75 2.06
1067 79.0 -1.64 2.16
1068 79.0 -1.53 2.27
1069 79.0 -1.40 2.37
1070 79.0 -1.26 2.47
1071 79.0 -1.11 2.57
1072 79.0 -0.95 2.67
1073 79.0 -0.77 2.78
1074 79.0 -0.59 2.88
1075 79.0 -0.38 2.98
1076 79.0 -0.17 3.08
1077 79.0 0.06 3.18
1078 79.0 0.31 3.29
1079 79.0 0.57 3.39
1080 79.0 0.85 3.49
1041 80.0 -1.60 -1.04
1042 80.0 -1.59 -0.92
1043 80.0 -1.57 -0.81
1044 80.0 -1.57 -0.69
1045 80.0 -1.56 -0.58
1046 80.0 -1.56 -0.48
1047 80.0 -1.56 -0.38
1048 80.0 -1.56 -0.28
1049 80.0 -1.57 -0.19
1050 80.0 -1.57 -0.10
1051 80.0 -1.58 -0.02
1052 80.0 -1.58 0.06
1053 80.0 -1.59 0.14
1054 80.0 -1.59 0.22
1055 80.0 -1.60 0.29
1056 80.0 -1.60 0.36
1057 80.0 -1.61 0.43
1058 80.0 -1.61 0.50
1059 80.0 -1.61 0.57
1060 80.0 -1.61 0.64
1061 80.0 -1.60 0.71
1062 80.0 -1.59 0.78
1063 80.0 -1.57 0.86
1064 80.0 -1.54 0.94
1065 80.0 -1.50 1.02
1066 80.0 -1.46 1.10
1067 80.0 -1.40 1.19
1068 80.0 -1.33 1.29
1069 80.0 -1.24 1.38
1070 80.0 -1.15 1.48
1071 80.0 -1.04 1.57
1072 80.0 -0.91 1.67
1073 80.0 -0.77 1.78
1074 80.0 -0.61 1.88
1075 80.0 -0.44 1.98
1076 80.0 -0.25 2.09
1077 80.0 -0.04 2.19
1078 80.0 0.18 2.29
1079 80.0 0.42 2.40
1080 80.0 0.68 2.50
1041 81.0 -3.33 -0.93
1042 81.0 -3.32 -0.85
1043 81.0 -3.31 -0.76
1044 81.0 -3.30 -0.67
1045 81.0 -3.29 -0.58
1046 81.0 -3.29 -0.48
1047 81.0 -3.29 -0.38
1048 81.0 -3.29 -0.27
1049 81.0 -3.30 -0.16
1050 81.0 -3.30 -0.04
1051 81.0 -3.31 0.08
1052 81.0 -3.31 0.20
1053 81.0 -3.31 0.33
1054 81.0 -3.31 0.47
1055 81.0 -3.30 0.60
1056 81.0 -3.29 0.75
1057 81.0 -3.28 0.89
1058 81.0 -3.25 1.04
1059 81.0 -3.22 1.20
1060 81.0 -3.18 1.35
1061 81.0 -3.13 1.51
1062 81.0 -3.07 1.67
1063 81.0 -3.00 1.82
1064 81.0 -2.92 1.98
1065 81.0 -2.83 2.14
1066 81.0 -2.72 2.29
1067 81.0 -2.60 2.44
1068 81.0 -2.47 2.58
1069 81.0 -2.33 2.73
1070 81.0 -2.18 2.87
1071 81.0 -2.01 3.01
1072 81.0 -1.83 3.14
1073 81.0 -1.64 3.27
1074 81.0 -1.44 3.40
1075 81.0 -1.22 3.53
1076 81.0 -0.99 3.65
1077 81.0 -0.74 3.77
1078 81.0 -0.48 3.89
1079 81.0 -0.21 4.01
1080 81.0 0.08 4.13
1081 82.0 -2.44 -0.49
1082 82.0 -2.43 -0.39
1083 82.0 -2.43 -0.29
1084 82.0 -2.43 -0.18
1085 82.0 -2.43 -0.08
1086 82.0 -2.43 0.02
1087 82.0 -2.43 0.12
1088 82.0 -2.43 0.22
1089 82.0 -2.43 0.33
1090 82.0 -2.42 0.43
1091 82.0 -2.42 0.53
1092 82.0 -2.41 0.63
1093 82.0 -2.40 0.73
1094 82.0 -2.38 0.84
1095 82.0 -2.36 0.94
1096 82.0 -2.34 1.04
1097 82.0 -2.31 1.14
1098 82.0 -2.28 1.24
1099 82.0 -2.23 1.35
1100 82.0 -2.19 1.45
1101 82.0 -2.13 1.55
1102 82.0 -2.07 1.65
1103 82.0 -2.00 1.76
1104 82.0 -1.93 1.86
1105 82.0 -1.84 1.96
1106 82.0 -1.74 2.06
1107 82.0 -1.64 2.16
1108 82.0 -1.52 2.27
1109 82.0 -1.40 2.37
1110 82.0 -1.26 2.47
1111 82.0 -1.11 2.57
1112 82.0 -0.95 2.67
1113 82.0 -0.77 2.78
1114 82.0 -0.58 2.88
1115 82.0 -0.38 2.98
1116 82.0 -0.16 3.08
1117 82.0 0.07 3.18
1118 82.0 0.31 3.29
1119 82.0 0.57 3.39
1120 82.0 0.85 3.49
1081 83.0 -1.60 -1.04
1082 83.0 -1.59 -0.92
1083 83.0 -1.58 -0.81
1084 83.0 -1.57 -0.69
1085 83.0 -1.56 -0.58
1086 83.0 -1.56 -0.48
1087 83.0 -1.56 -0.38
1088 83.0 -1.57 -0.28
1089 83.0 -1.57 -0.19
1090 83.0 -1.57 -0.10
1091 83.0 -1.58 -0.02
1092 83.0 -1.59 0.06
1093 83.0 -1.59 0.14
1094 83.0 -1.60 0.22
1095 83.0 -1.60 0.29
1096 83.0 -1.61 0.36
1097 83.0 -1.61 0.43
1098 83.0 -1.61 0.50
1099 83.0 -1.61 0.56
1100 83.0 -1.61 0.63
1101 83.0 -1.60 0.71
1102 83.0 -1.59 0.78
1103 83.0 -1.57 0.86
1104 83.0 -1.54 0.94
1105 83.0 -1.50 1.02
1106 83.0 -1.46 1.10
1107 83.0 -1.40 1.19
1108 83.0 -1.33 1.28
1109 83.0 -1.24 1.38
1110 83.0 -1.15 1.48
1111 83.0 -1.03 1.57
1112 83.0 -0.91 1.67
1113 83.0 -0.77 1.78
1114 83.0 -0.61 1.88
1115 83.0 -0.44 1.98
1116 83.0 -0.25 2.09
1117 83.0 -0.04 2.19
1118 83.0 0.18 2.29
1119 83.0 0.42 2.40
1120 83.0 0.68 2.50
1081 84.0 -3.33 -0.94
1082 84.0 -3.32 -0.85
1083 84.0 -3.31 -0.77
1084 84.0 -3.30 -0.67
1085 84.0 -3.30 -0.58
1086 84.0 -3.29 -0.48
1087 84.0 -3.30 -0.38
1088 84.0 -3.30 -0.27
1089 84.0 -3.30 -0.16
1090 84.0 -3.31 -0.04
1091 84.0 -3.31 0.08
1092 84.0 -3.31 0.21
1093 84.0 -3.31 0.34
1094 84.0 -3.31 0.47
1095 84.0 -3.31 0.61
1096 84.0 -3.29 0.75
1097 84.0 -3.28 0.90
1098 84.0 -3.26 1.05
1099 84.0 -3.22 1.20
1100 84.0 -3.18 1.35
1101 84.0 -3.13 1.51
1102 84.0 -3.07 1.67
1103 84.0 -3.00 1.83
1104 84.0 -2.92 1.98
1105 84.0 -2.82 2.14
1106 84.0 -2.72 2.29
1107 84.0 -2.60 2.44
1108 84.0 -2.47 2.59
1109 84.0 -2.33 2.73
1110 84.0 -2.17 2.87
1111 84.0 -2.01 3.01
1112 84.0 -1.83 3.14
1113 84.0 -1.64 3.27
1114 84.0 -1.44 3.40
1115 84.0 -1.22 3.53
1116 84.0 -0.99 3.65
1117 84.0 -0.74 3.77
1118 84.0 -0.48 3.89
1119 84.0 -0.21 4.01
1120 84.0 0.08 4.13
1121 85.0 -2.44 -0.49
1122 85.0 -2.44 -0.39
1123 85.0 -2.44 -0.29
1124 85.0 -2.44 -0.18
1125 85.0 -2.44 -0.08
1126 85.0 -2.44 0.02
1127 85.0 -2.44 0.12
1128 85.0 -2.44 0.22
1129 85.0 -2.43 0.33
1130 85.0 -2.43 0.43
1131 85.0 -2.42 0.53
1132 85.0 -2.41 0.63
1133 85.0 -2.40 0.73
1134 85.0 -2.38 0.84
1135 85.0 -2.36 0.94
1136 85.0 -2.34 1.04
1137 85.0 -2.31 1.14
1138 85.0 -2.27 1.24
1139 85.0 -2.23 1.35
1140 85.0 -2.18 1.45
1141 85.0 -2.13 1.55
1142 85.0 -2.07 1.65
1143 85.0 -2.00 1.76
1144 85.0 -1.92 1.86
1145 85.0 -1.83 1.96
1146 85.0 -1.74 2.06
1147 85.0 -1.63 2.16
1148 85.0 -1.51 2.27
1149 85.0 -1.38 2.37
1150 85.0 -1.25 2.47
1151 85.0 -1.10 2.57
1152 85.0 -0.93 2.67
1153 85.0 -0.76 2.78
1154 85.0 -0.57 2.88
1155 85.0 -0.37 2.98
1156 85.0 -0.15 3.08
1157 85.0 0.08 3.18
1158 85.0 0.32 3.29
1159 85.0 0.58 3.39
1160 85.0 0.86 3.49
1121 86.0 -1.61 -1.03
1122 86.0 -1.59 -0.92
1123 86.0 -1.58 -0.80
1124 86.0 -1.58 -0.69
1125 86.0 -1.57 -0.58
1126 86.0 -1.57 -0.48
1127 86.0 -1.57 -0.38
1128 86.0 -1.58 -0.29
1129 86.0 -1.58 -0.19
1130 86.0 -1.58 -0.11
1131 86.0 -1.59 -0.02
1132 86.0 -1.60 0.06
1133 86.0 -1.60 0.13
1134 86.0 -1.61 0.21
1135 86.0 -1.61 0.28
1136 86.0 -1.62 0.35
1137 86.0 -1.62 0.42
1138 86.0 -1.62 0.49
1139 86.0 -1.62 0.56
1140 86.0 -1.61 0.63
1141 86.0 -1.60 0.70
1142 86.0 -1.59 0.78
1143 86.0 -1.57 0.85
1144 86.0 -1.54 0.93
1145 86.0 -1.50 1.02
1146 86.0 -1.45 1.10
1147 86.0 -1.39 1.19
1148 86.0 -1.32 1.28
1149 86.0 -1.23 1.38
1150 86.0 -1.14 1.48
1151 86.0 -1.02 1.57
1152 86.0 -0.90 1.67
1153 86.0 -0.75 1.78
1154 86.0 -0.60 1.88
1155 86.0 -0.42 1.98
1156 86.0 -0.23 2.08
1157 86.0 -0.03 2.19
1158 86.0 0.19 2.29
1159 86.0 0.43 2.40
1160 86.0 0.69 2.50
1121 87.0 -3.33 -0.94
1122 87.0 -3.32 -0.86
1123 87.0 -3.31 -0.77
1124 87.0 -3.31 -0.68
1125 87.0 -3.30 -0.58
1126 87.0 -3.30 -0.48
1127 87.0 -3.30 -0.37
1128 87.0 -3.31 -0.27
1129 87.0 -3.31 -0.15
1130 87.0 -3.31 -0.03
1131 87.0 -3.32 0.09
1132 87.0 -3.32 0.21
1133 87.0 -3.32 0.34
1134 87.0 -3.32 0.48
1135 87.0 -3.31 0.62
1136 87.0 -3.30 0.76
1137 87.0 -3.28 0.91
1138 87.0 -3.26 1.06
1139 87.0 -3.22 1.21
1140 87.0 -3.18 1.36
1141 87.0 -3.13 1.52
1142 87.0 -3.07 1.68
1143 87.0 -2.99 1.83
1144 87.0 -2.91 1.99
1145 87.0 -2.81 2.14
1146 87.0 -2.71 2.29
1147 87.0 -2.59 2.44
1148 87.0 -2.46 2.59
1149 87.0 -2.32 2.73
1150 87.0 -2.16 2.87
1151 87.0 -2.00 3.01
1152 87.0 -1.82 3.14
1153 87.0 -1.63 3.27
1154 87.0 -1.42 3.40
1155 87.0 -1.20 3.53
1156 87.0 -0.97 3.65
1157 87.0 -0.73 3.77
1158 87.0 -0.47 3.89
1159 87.0 -0.20 4.01
1160 87.0 0.09 4.13
1161 88.0 -2.43 -0.49
1162 88.0 -2.43 -0.39
1163 88.0 -2.43 -0.29
1164 88.0 -2.42 -0.18
1165 88.0 -2.42 -0.08
1166 88.0 -2.42 0.02
1167 88.0 -2.42 0.12
1168 88.0 -2.42 0.22
1169 88.0 -2.42 0.33
1170 88.0 -2.42 0.43
1171 88.0 -2.41 0.53
1172 88.0 -2.40 0.63
1173 88.0 -2.39 0.73
1174 88.0 -2.38 0.84
1175 88.0 -2.36 0.94
1176 88.0 -2.34 1.04
1177 88.0 -2.31 1.14
1178 88.0 -2.27 1.24
1179 88.0 -2.23 1.35
1180 88.0 -2.19 1.45
1181 88.0 -2.13 1.55
1182 88.0 -2.07 1.65
1183 88.0 -2.01 1.76
1184 88.0 -1.93 1.86
1185 88.0 -1.84 1.96
1186 88.0 -1.75 2.06
1187 88.0 -1.64 2.16
1188 88.0 -1.53 2.27
1189 88.0 -1.40 2.37
1190 88.0 -1.26 2.47
1191 88.0 -1.11 2.57
1192 88.0 -0.95 2.67
1193 88.0 -0.78 2.78
1194 88.0 -0.59 2.88
1195 88.0 -0.39 2.98
1196 88.0 -0.17 3.08
1197 88.0 0.06 3.18
1198 88.0 0.31 3.29
1199 88.0 0.57 3.39
1200 88.0 0.85 3.49
1161 89.0 -1.60 -1.05
1162 89.0 -1.59 -0.93
1163 89.0 -1.57 -0.81
1164 89.0 -1.57 -0.69
1165 89.0 -1.56 -0.59
1166 89.0 -1.56 -0.48
1167 89.0 -1.56 -0.38
1168 89.0 -1.56 -0.28
1169 89.0 -1.56 -0.19
1170 89.0 -1.57 -0.10
1171 89.0 -1.57 -0.02
1172 89.0 -1.58 0.07
1173 89.0 -1.59 0.14
1174 89.0 -1.59 0.22
1175 89.0 -1.60 0.29
1176 89.0 -1.60 0.36
1177 89.0 -1.61 0.43
1178 89.0 -1.61 0.50
1179 89.0 -1.61 0.57
1180 89.0 -1.61 0.64
1181 89.0 -1.60 0.71
1182 89.0 -1.59 0.78
1183 89.0 -1.57 0.86
1184 89.0 -1.54 0.94
1185 89.0 -1.50 1.02
1186 89.0 -1.46 1.10
1187 89.0 -1.40 1.19
1188 89.0 -1.33 1.29
1189 89.0 -1.25 1.38
1190 89.0 -1.15 1.48
1191 89.0 -1.04 1.57
1192 89.0 -0.91 1.67
1193 89.0 -0.77 1.78
1194 89.0 -0.61 1.88
1195 89.0 -0.44 1.98
1196 89.0 -0.25 2.09
1197 89.0 -0.05 2.19
1198 89.0 0.18 2.29
1199 89.0 0.42 2.40
1200 89.0 0.68 2.50
1161 90.0 -3.33 -0.93
1162 90.0 -3.32 -0.85
1163 90.0 -3.30 -0.76
1164 90.0 -3.30 -0.67
1165 90.0 -3.29 -0.58
1166 90.0 -3.29 -0.48
1167 90.0 -3.29 -0.38
1168 90.0 -3.29 -0.27
1169 90.0 -3.30 -0.16
1170 90.0 -3.30 -0.04
1171 90.0 -3.30 0.08
1172 90.0 -3.31 0.20
1173 90.0 -3.31 0.33
1174 90.0 -3.31 0.47
1175 90.0 -3.30 0.60
1176 90.0 -3.29 0.75
1177 90.0 -3.28 0.89
1178 90.0 -3.25 1.04
1179 90.0 -3.22 1.20
1180 90.0 -3.18 1.35
1181 90.0 -3.13 1.51
1182 90.0 -3.07 1.67
1183 90.0 -3.00 1.82
1184 90.0 -2.92 1.98
1185 90.0 -2.83 2.13
1186 90.0 -2.72 2.29
1187 90.0 -2.60 2.44
1188 90.0 -2.47 2.58
1189 90.0 -2.33 2.73
1190 90.0 -2.18 2.87
1191 90.0 -2.01 3.01
1192 90.0 -1.83 3.14
1193 90.0 -1.64 3.27
1194 90.0 -1.44 3.40
1195 90.0 -1.22 3.53
1196 90.0 -0.99 3.65
1197 90.0 -0.75 3.77
1198 90.0 -0.49 3.89
1199 90.0 -0.21 4.01
1200 90.0 0.08 4.13
1201 91.0 -2.48 -0.49
1202 91.0 -2.48 -0.39
1203 91.0 -2.48 -0.29
1204 91.0 -2.48 -0.18
1205 91.0 -2.48 -0.08
1206 91.0 -2.48 0.02
1207 91.0 -2.48 0.12
1208 91.0 -2.48 0.22
1209 91.0 -2.48 0.33
1210 91.0 -2.47 0.43
1211 91.0 -2.46 0.53
1212 91.0 -2.45 0.63
1213 91.0 -2.43 0.73
1214 91.0 -2.41 0.84
1215 91.0 -2.38 0.94
1216 91.0 -2.35 1.04
1217 91.0 -2.32 1.14
1218 91.0 -2.28 1.24
1219 91.0 -2.23 1.35
1220 91.0 -2.18 1.45
1221 91.0 -2.12 1.55
1222 91.0 -2.05 1.65
1223 91.0 -1.97 1.76
1224 91.0 -1.89 1.86
1225 91.0 -1.80 1.96
1226 91.0 -1.69 2.06
1227 91.0 -1.58 2.16
1228 91.0 -1.46 2.27
1229 91.0 -1.33 2.37
1230 91.0 -1.19 2.47
1231 91.0 -1.04 2.57
1232 91.0 -0.87 2.67
1233 91.0 -0.70 2.78
1234 91.0 -0.51 2.88
1235 91.0 -0.31 2.98
1236 91.0 -0.09 3.08
1237 91.0 0.14 3.18
1238 91.0 0.38 3.29
1239 91.0 0.64 3.39
1240 91.0 0.91 3.49
1201 92.0 -1.62 -0.99
1202 92.0 -1.61 -0.88
1203 92.0 -1.61 -0.78
1204 92.0 -1.61 -0.67
1205 92.0 -1.61 -0.57
1206 92.0 -1.62 -0.48
1207 92.0 -1.62 -0.39
1208 92.0 -1.63 -0.30
1209 92.0 -1.63 -0.21
1210 92.0 -1.64 -0.13
1211 92.0 -1.64 -0.05
1212 92.0 -1.65 0.03
1213 92.0 -1.65 0.10
1214 92.0 -1.66 0.17
1215 92.0 -1.66 0.25
1216 92.0 -1.66 0.32
1217 92.0 -1.66 0.39
1218 92.0 -1.66 0.46
1219 92.0 -1.65 0.53
1220 92.0 -1.64 0.60
1221 92.0 -1.63 0.68
1222 92.0 -1.60 0.76
1223 92.0 -1.57 0.84
1224 92.0 -1.54 0.92
1225 92.0 -1.49 1.01
1226 92.0 -1.43 1.10
1227 92.0 -1.36 1.19
1228 92.0 -1.29 1.28
1229 92.0 -1.19 1.38
1230 92.0 -1.09 1.47
1231 92.0 -0.97 1.57
1232 92.0 -0.84 1.67
1233 92.0 -0.69 1.78
1234 92.0 -0.54 1.88
1235 92.0 -0.36 1.98
1236 92.0 -0.17 2.08
1237 92.0 0.03 2.19
1238 92.0 0.25 2.29
1239 92.0 0.49 2.40
1240 92.0 0.74 2.50
1201 93.0 -3.35 -0.99
1202 93.0 -3.34 -0.89
1203 93.0 -3.34 -0.79
1204 93.0 -3.34 -0.69
1205 93.0 -3.35 -0.59
1206 93.0 -3.35 -0.48
1207 93.0 -3.35 -0.37
1208 93.0 -3.36 -0.25
1209 93.0 -3.36 -0.13
1210 93.0 -3.37 -0.01
1211 93.0 -3.37 0.12
1212 93.0 -3.37 0.25
1213 93.0 -3.36 0.38
1214 93.0 -3.36 0.52
1215 93.0 -3.34 0.66
1216 93.0 -3.32 0.81
1217 93.0 -3.30 0.95
1218 93.0 -3.27 1.10
1219 93.0 -3.23 1.26
1220 93.0 -3.18 1.41
1221 93.0 -3.12 1.56
1222 93.0 -3.05 1.72
1223 93.0 -2.97 1.87
1224 93.0 -2.87 2.02
1225 93.0 -2.77 2.17
1226 93.0 -2.66 2.32
1227 93.0 -2.54 2.46
1228 93.0 -2.40 2.60
1229 93.0 -2.26 2.74
1230 93.0 -2.10 2.88
1231 93.0 -1.93 3.01
1232 93.0 -1.75 3.15
1233 93.0 -1.56 3.27
1234 93.0 -1.36 3.40
1235 93.0 -1.14 3.53
1236 93.0 -0.92 3.65
1237 93.0 -0.67 3.77
1238 93.0 -0.42 3.89
1239 93.0 -0.15 4.01
1240 93.0 0.13 4.12
1241 94.0 -2.46 -0.49
1242 94.0 -2.46 -0.39
1243 94.0 -2.46 -0.29
1244 94.0 -2.46 -0.18
1245 94.0 -2.46 -0.08
1246 94.0 -2.46 0.02
1247 94.0 -2.46 0.12
1248 94.0 -2.46 0.22
1249 94.0 -2.45 0.33
1250 94.0 -2.45 0.43
1251 94.0 -2.44 0.53
1252 94.0 -2.43 0.63
1253 94.0 -2.41 0.73
1254 94.0 -2.40 0.84
1255 94.0 -2.37 0.94
1256 94.0 -2.35 1.04
1257 94.0 -2.31 1.14
1258 94.0 -2.28 1.24
1259 94.0 -2.23 1.35
1260 94.0 -2.18 1.45
1261 94.0 -2.12 1.55
1262 94.0 -2.06 1.65
1263 94.0 -1.99 1.76
1264 94.0 -1.91 1.86
1265 94.0 -1.82 1.96
1266 94.0 -1.72 2.06
1267 94.0 -1.61 2.16
1268 94.0 -1.49 2.27
1269 94.0 -1.36 2.37
1270 94.0 -1.22 2.47
1271 94.0 -1.07 2.57
1272 94.0 -0.91 2.67
1273 94.0 -0.73 2.78
1274 94.0 -0.54 2.88
1275 94.0 -0.34 2.98
1276 94.0 -0.13 3.08
1277 94.0 0.10 3.18
1278 94.0 0.35 3.29
1279 94.0 0.61 3.39
1280 94.0 0.88 3.49
1241 95.0 -1.61 -1.02
1242 95.0 -1.60 -0.90
1243 95.0 -1.59 -0.79
1244 95.0 -1.59 -0.68
1245 95.0 -1.59 -0.58
1246 95.0 -1.59 -0.48
1247 95.0 -1.59 -0.38
1248 95.0 -1.60 -0.29
1249 95.0 -1.60 -0.20
1250 95.0 -1.61 -0.12
1251 95.0 -1.61 -0.03
1252 95.0 -1.62 0.04
1253 95.0 -1.62 0.12
1254 95.0 -1.63 0.19
1255 95.0 -1.63 0.27
1256 95.0 -1.64 0.34
1257 95.0 -1.64 0.41
1258 95.0 -1.64 0.48
1259 95.0 -1.63 0.55
1260 95.0 -1.63 0.62
1261 95.0 -1.61 0.69
1262 95.0 -1.60 0.77
1263 95.0 -1.57 0.85
1264 95.0 -1.54 0.93
1265 95.0 -1.50 1.01
1266 95.0 -1.44 1.10
1267 95.0 -1.38 1.19
1268 95.0 -1.31 1.28
1269 95.0 -1.22 1.38
1270 95.0 -1.12 1.48
1271 95.0 -1.00 1.57
1272 95.0 -0.87 1.67
1273 95.0 -0.73 1.78
1274 95.0 -0.57 1.88
1275 95.0 -0.40 1.98
1276 95.0 -0.21 2.08
1277 95.0 -0.00 2.19
1278 95.0 0.22 2.29
1279 95.0 0.46 2.40
1280 95.0 0.71 2.50
1241 96.0 -3.34 -0.96
1242 96.0 -3.33 -0.87
1243 96.0 -3.33 -0.78
1244 96.0 -3.32 -0.68
1245 96.0 -3.32 -0.58
1246 96.0 -3.32 -0.48
1247 96.0 -3.33 -0.37
1248 96.0 -3.33 -0.26
1249 96.0 -3.33 -0.14
1250 96.0 -3.34 -0.02
1251 96.0 -3.34 0.10
1252 96.0 -3.34 0.23
1253 96.0 -3.34 0.36
1254 96.0 -3.34 0.49
1255 96.0 -3.33 0.64
1256 96.0 -3.31 0.78
1257 96.0 -3.29 0.93
1258 96.0 -3.26 1.08
1259 96.0 -3.23 1.23
1260 96.0 -3.18 1.38
1261 96.0 -3.12 1.54
1262 96.0 -3.06 1.69
1263 96.0 -2.98 1.85
1264 96.0 -2.90 2.00
1265 96.0 -2.80 2.15
1266 96.0 -2.69 2.30
1267 96.0 -2.57 2.45
1268 96.0 -2.44 2.60
1269 96.0 -2.29 2.74
1270 96.0 -2.14 2.87
1271 96.0 -1.97 3.01
1272 96.0 -1.79 3.14
1273 96.0 -1.60 3.27
1274 96.0 -1.40 3.40
1275 96.0 -1.18 3.53
1276 96.0 -0.95 3.65
1277 96.0 -0.71 3.77
1278 96.0 -0.45 3.89
1279 96.0 -0.18 4.01
1280 96.0 0.11 4.13
1281 97.0 -2.43 -0.49
1282 97.0 -2.43 -0.39
1283 97.0 -2.43 -0.29
1284 97.0 -2.42 -0.18
1285 97.0 -2.42 -0.08
1286 97.0 -2.42 0.02
1287 97.0 -2.42 0.12
1288 97.0 -2.42 0.22
1289 97.0 -2.42 0.33
1290 97.0 -2.42 0.43
1291 97.0 -2.41 0.53
1292 97.0 -2.40 0.63
1293 97.0 -2.39 0.73
1294 97.0 -2.38 0.84
1295 97.0 -2.36 0.94
1296 97.0 -2.34 1.04
1297 97.0 -2.31 1.14
1298 97.0 -2.27 1.24
1299 97.0 -2.24 1.35
1300 97.0 -2.19 1.45
1301 97.0 -2.14 1.55
1302 97.0 -2.08 1.65
1303 97.0 -2.01 1.76
1304 97.0 -1.93 1.86
1305 97.0 -1.84 1.96
1306 97.0 -1.75 2.06
1307 97.0 -1.64 2.16
1308 97.0 -1.53 2.27
1309 97.0 -1.40 2.37
1310 97.0 -1.26 2.47
1311 97.0 -1.11 2.57
1312 97.0 -0.95 2.67
1313 97.0 -0.78 2.78
1314 97.0 -0.59 2.88
1315 97.0 -0.39 2.98
1316 97.0 -0.17 3.08
1317 97.0 0.06 3.18
1318 97.0 0.31 3.29
1319 97.0 0.57 3.39
1320 97.0 0.85 3.49
1281 98.0 -1.60 -1.05
1282 98.0 -1.59 -0.93
1283 98.0 -1.57 -0.81
1284 98.0 -1.56 -0.69
1285 98.0 -1.56 -0.59
1286 98.0 -1.56 -0.48
1287 98.0 -1.56 -0.38
1288 98.0 -1.56 -0.28
1289 98.0 -1.56 -0.19
1290 98.0 -1.57 -0.10
1291 98.0 -1.57 -0.02
1292 98.0 -1.58 0.07
1293 98.0 -1.59 0.14
1294 98.0 -1.59 0.22
1295 98.0 -1.60 0.29
1296 98.0 -1.60 0.36
1297 98.0 -1.61 0.43
1298 98.0 -1.61 0.50
1299 98.0 -1.61 0.57
1300 98.0 -1.61 0.64
1301 98.0 -1.60 0.71
1302 98.0 -1.59 0.78
1303 98.0 -1.57 0.86
1304 98.0 -1.54 0.94
1305 98.0 -1.50 1.02
1306 98.0 -1.46 1.10
1307 98.0 -1.40 1.19
1308 98.0 -1.33 1.29
1309 98.0 -1.25 1.38
1310 98.0 -1.15 1.48
1311 98.0 -1.04 1.57
1312 98.0 -0.91 1.67
1313 98.0 -0.77 1.78
1314 98.0 -0.62 1.88
1315 98.0 -0.44 1.98
1316 98.0 -0.25 2.09
1317 98.0 -0.05 2.19
1318 98.0 0.18 2.29
1319 98.0 0.42 2.40
1320 98.0 0.68 2.50
1281 99.0 -3.33 -0.93
1282 99.0 -3.32 -0.85
1283 99.0 -3.30 -0.76
1284 99.0 -3.30 -0.67
1285 99.0 -3.29 -0.58
1286 99.0 -3.29 -0.48
1287 99.0 -3.29 -0.38
1288 99.0 -3.29 -0.27
1289 99.0 -3.30 -0.16
1290 99.0 -3.30 -0.04
1291 99.0 -3.30 0.08
1292 99.0 -3.31 0.20
1293 99.0 -3.31 0.33
1294 99.0 -3.31 0.46
1295 99.0 -3.30 0.60
1296 99.0 -3.29 0.75
1297 99.0 -3.28 0.89
1298 99.0 -3.25 1.04
1299 99.0 -3.22 1.19
1300 99.0 -3.18 1.35
1301 99.0 -3.13 1.51
1302 99.0 -3.08 1.67
1303 99.0 -3.00 1.82
1304 99.0 -2.92 1.98
1305 99.0 -2.83 2.13
1306 99.0 -2.72 2.29
1307 99.0 -2.61 2.44
1308 99.0 -2.48 2.58
1309 99.0 -2.33 2.73
1310 99.0 -2.18 2.87
1311 99.0 -2.02 3.01
1312 99.0 -1.84 3.14
1313 99.0 -1.65 3.27
1314 99.0 -1.44 3.40
1315 99.0 -1.22 3.53
1316 99.0 -0.99 3.65
1317 99.0 -0.75 3.77
1318 99.0 -0.49 3.89
1319 99.0 -0.21 4.01
1320 99.0 0.08 4.13
1321 100.0 -2.44 -0.49
1322 100.0 -2.44 -0.39
1323 100.0 -2.43 -0.29
1324 100.0 -2.43 -0.18
1325 100.0 -2.43 -0.08
1326 100.0 -2.43 0.02
1327 100.0 -2.43 0.12
1328 100.0 -2.43 0.22
1329 100.0 -2.43 0.33
1330 100.0 -2.43 0.43
1331 100.0 -2.42 0.53
1332 100.0 -2.41 0.63
1333 100.0 -2.40 0.73
1334 100.0 -2.38 0.84
1335 100.0 -2.36 0.94
1336 100.0 -2.34 1.04
1337 100.0 -2.31 1.14
1338 100.0 -2.28 1.24
1339 100.0 -2.23 1.35
1340 100.0 -2.19 1.45
1341 100.0 -2.13 1.55
1342 100.0 -2.07 1.65
1343 100.0 -2.00 1.76
1344 100.0 -1.92 1.86
1345 100.0 -1.84 1.96
1346 100.0 -1.74 2.06
1347 100.0 -1.63 2.16
1348 100.0 -1.52 2.27
1349 100.0 -1.39 2.37
1350 100.0 -1.25 2.47
1351 100.0 -1.10 2.57
1352 100.0 -0.94 2.67
1353 100.0 -0.76 2.78
1354 100.0 -0.58 2.88
1355 100.0 -0.37 2.98
1356 100.0 -0.16 3.08
1357 100.0 0.07 3.18
1358 100.0 0.32 3.29
1359 100.0 0.58 3.39
1360 100.0 0.86 3.49
1321 101.0 -1.60 -1.04
1322 101.0 -1.59 -0.92
1323 101.0 -1.58 -0.80
1324 101.0 -1.57 -0.69
1325 101.0 -1.57 -0.58
1326 101.0 -1.57 -0.48
1327 101.0 -1.57 -0.38
1328 101.0 -1.57 -0.28
1329 101.0 -1.58 -0.19
1330 101.0 -1.58 -0.10
1331 101.0 -1.59 -0.02
1332 101.0 -1.59 0.06
1333 101.0 -1.60 0.14
1334 101.0 -1.60 0.21
1335 101.0 -1.61 0.28
1336 101.0 -1.61 0.35
1337 101.0 -1.62 0.42
1338 101.0 -1.62 0.49
1339 101.0 -1.62 0.56
1340 101.0 -1.61 0.63
1341 101.0 -1.60 0.70
1342 101.0 -1.59 0.78
1343 101.0 -1.57 0.85
1344 101.0 -1.54 0.93
1345 101.0 -1.50 1.02
1346 101.0 -1.45 1.10
1347 101.0 -1.39 1.19
1348 101.0 -1.32 1.28
1349 101.0 -1.24 1.38
1350 101.0 -1.14 1.48
1351 101.0 -1.03 1.57
1352 101.0 -0.90 1.67
1353 101.0 -0.76 1.78
1354 101.0 -0.60 1.88
1355 101.0 -0.43 1.98
1356 101.0 -0.24 2.09
1357 101.0 -0.03 2.19
1358 101.0 0.19 2.29
1359 101.0 0.43 2.40
1360 101.0 0.69 2.50
1321 102.0 -3.33 -0.94
1322 102.0 -3.32 -0.86
1323 102.0 -3.31 -0.77
1324 102.0 -3.30 -0.68
1325 102.0 -3.30 -0.58
1326 102.0 -3.30 -0.48
1327 102.0 -3.30 -0.37
1328 102.0 -3.30 -0.27
1329 102.0 -3.31 -0.15
1330 102.0 -3.31 -0.04
1331 102.0 -3.31 0.08
1332 102.0 -3.32 0.21
1333 102.0 -3.32 0.34
1334 102.0 -3.31 0.47
1335 102.0 -3.31 0.61
1336 102.0 -3.30 0.75
1337 102.0 -3.28 0.90
1338 102.0 -3.26 1.05
1339 102.0 -3.22 1.20
1340 102.0 -3.18 1.36
1341 102.0 -3.13 1.52
1342 102.0 -3.07 1.67
1343 102.0 -3.00 1.83
1344 102.0 -2.91 1.99
1345 102.0 -2.82 2.14
1346 102.0 -2.71 2.29
1347 102.0 -2.59 2.44
1348 102.0 -2.46 2.59
1349 102.0 -2.32 2.73
1350 102.0 -2.17 2.87
1351 102.0 -2.00 3.01
1352 102.0 -1.82 3.14
1353 102.0 -1.63 3.27
1354 102.0 -1.43 3.40
1355 102.0 -1.21 3.53
1356 102.0 -0.98 3.65
1357 102.0 -0.74 3.77
1358 102.0 -0.48 3.89
1359 102.0 -0.20 4.01
1360 102.0 0.09 4.13
1361 103.0 -2.44 -0.49
1362 103.0 -2.44 -0.39
1363 103.0 -2.44 -0.29
1364 103.0 -2.44 -0.18
1365 103.0 -2.44 -0.08
1366 103.0 -2.44 0.02
1367 103.0 -2.44 0.12
1368 103.0 -2.43 0.22
1369 103.0 -2.43 0.33
1370 103.0 -2.43 0.43
1371 103.0 -2.42 0.53
1372 103.0 -2.41 0.63
1373 103.0 -2.40 0.73
1374 103.0 -2.38 0.84
1375 103.0 -2.36 0.94
1376 103.0 -2.34 1.04
1377 103.0 -2.31 1.14
1378 103.0 -2.27 1.24
1379 103.0 -2.23 1.35
1380 103.0 -2.19 1.45
1381 103.0 -2.13 1.55
1382 103.0 -2.07 1.65
1383 103.0 -2.00 1.76
1384 103.0 -1.92 1.86
1385 103.0 -1.83 1.96
1386 103.0 -1.74 2.06
1387 103.0 -1.63 2.16
1388 103.0 -1.51 2.27
1389 103.0 -1.39 2.37
1390 103.0 -1.25 2.47
1391 103.0 -1.10 2.57
1392 103.0 -0.93 2.67
1393 103.0 -0.76 2.78
1394 103.0 -0.57 2.88
1395 103.0 -0.37 2.98
1396 103.0 -0.15 3.08
1397 103.0 0.08 3.18
1398 103.0 0.32 3.29
1399 103.0 0.58 3.39
1400 103.0 0.86 3.49
1361 104.0 -1.60 -1.04
1362 104.0 -1.59 -0.92
1363 104.0 -1.58 -0.80
1364 104.0 -1.57 -0.69
1365 104.0 -1.57 -0.58
1366 104.0 -1.57 -0.48
1367 104.0 -1.57 -0.38
1368 104.0 -1.57 -0.29
1369 104.0 -1.58 -0.19
1370 104.0 -1.58 -0.11
1371 104.0 -1.59 -0.02
1372 104.0 -1.59 0.06
1373 104.0 -1.60 0.13
1374 104.0 -1.61 0.21
1375 104.0 -1.61 0.28
1376 104.0 -1.62 0.35
1377 104.0 -1.62 0.42
1378 104.0 -1.62 0.49
1379 104.0 -1.62 0.56
1380 104.0 -1.61 0.63
1381 104.0 -1.60 0.70
1382 104.0 -1.59 0.78
1383 104.0 -1.57 0.85
1384 104.0 -1.54 0.93
1385 104.0 -1.50 1.02
1386 104.0 -1.45 1.10
1387 104.0 -1.39 1.19
1388 104.0 -1.32 1.28
1389 104.0 -1.24 1.38
1390 104.0 -1.14 1.48
1391 104.0 -1.02 1.57
1392 104.0 -0.90 1.67
1393 104.0 -0.76 1.78
1394 104.0 -0.60 1.88
1395 104.0 -0.43 1.98
1396 104.0 -0.24 2.08
1397 104.0 -0.03 2.19
1398 104.0 0.19 2.29
1399 104.0 0.43 2.40
1400 104.0 0.69 2.50
1361 105.0 -3.33 -0.94
1362 105.0 -3.32 -0.86
1363 105.0 -3.31 -0.77
1364 105.0 -3.31 -0.68
1365 105.0 -3.30 -0.58
1366 105.0 -3.30 -0.48
1367 105.0 -3.30 -0.37
1368 105.0 -3.31 -0.27
1369 105.0 -3.31 -0.15
1370 105.0 -3.31 -0.04
1371 105.0 -3.32 0.09
1372 105.0 -3.32 0.21
1373 105.0 -3.32 0.34
1374 105.0 -3.32 0.48
1375 105.0 -3.31 0.62
1376 105.0 -3.30 0.76
1377 105.0 -3.28 0.90
1378 105.0 -3.26 1.05
1379 105.0 -3.22 1.21
1380 105.0 -3.18 1.36
1381 105.0 -3.13 1.52
1382 105.0 -3.07 1.68
1383 105.0 -3.00 1.83
1384 105.0 -2.91 1.99
1385 105.0 -2.82 2.14
1386 105.0 -2.71 2.29
1387 105.0 -2.59 2.44
1388 105.0 -2.46 2.59
1389 105.0 -2.32 2.73
1390 105.0 -2.16 2.87
1391 105.0 -2.00 3.01
1392 105.0 -1.82 3.14
1393 105.0 -1.63 3.27
1394 105.0 -1.42 3.40
1395 105.0 -1.21 3.53
1396 105.0 -0.98 3.65
1397 105.0 -0.73 3.77
1398 105.0 -0.47 3.89
1399 105.0 -0.20 4.01
1400 105.0 0.09 4.13
1401 106.0 -2.43 -0.49
1402 106.0 -2.43 -0.39
1403 106.0 -2.43 -0.29
1404 106.0 -2.42 -0.18
1405 106.0 -2.42 -0.08
1406 106.0 -2.42 0.02
1407 106.0 -2.42 0.12
1408 106.0 -2.42 0.22
1409 106.0 -2.42 0.33
1410 106.0 -2.42 0.43
1411 106.0 -2.41 0.53
1412 106.0 -2.40 0.63
1413 106.0 -2.39 0.73
1414 106.0 -2.38 0.84
1415 106.0 -2.36 0.94
1416 106.0 -2.34 1.04
1417 106.0 -2.31 1.14
1418 106.0 -2.27 1.24
1419 106.0 -2.23 1.35
1420 106.0 -2.19 1.45
1421 106.0 -2.14 1.55
1422 106.0 -2.07 1.65
1423 106.0 -2.01 1.76
1424 106.0 -1.93 1.86
1425 106.0 -1.84 1.96
1426 106.0 -1.75 2.06
1427 106.0 -1.64 2.16
1428 106.0 -1.53 2.27
1429 106.0 -1.40 2.37
1430 106.0 -1.26 2.47
1431 106.0 -1.11 2.57
1432 106.0 -0.95 2.67
1433 106.0 -0.78 2.78
1434 106.0 -0.59 2.88
1435 106.0 -0.39 2.98
1436 106.0 -0.17 3.08
1437 106.0 0.06 3.18
1438 106.0 0.31 3.29
1439 106.0 0.57 3.39
1440 106.0 0.85 3.49
1401 107.0 -1.60 -1.05
1402 107.0 -1.59 -0.93
1403 107.0 -1.57 -0.81
1404 107.0 -1.56 -0.69
1405 107.0 -1.56 -0.59
1406 107.0 -1.56 -0.48
1407 107.0 -1.56 -0.38
1408 107.0 -1.56 -0.28
1409 107.0 -1.56 -0.19
1410 107.0 -1.57 -0.10
1411 107.0 -1.57 -0.02
1412 107.0 -1.58 0.07
1413 107.0 -1.59 0.14
1414 107.0 -1.59 0.22
1415 107.0 -1.60 0.29
1416 107.0 -1.60 0.36
1417 107.0 -1.61 0.43
1418 107.0 -1.61 0.50
1419 107.0 -1.61 0.57
1420 107.0 -1.61 0.64
1421 107.0 -1.60 0.71
1422 107.0 -1.59 0.78
1423 107.0 -1.57 0.86
1424 107.0 -1.54 0.94
1425 107.0 -1.50 1.02
1426 107.0 -1.46 1.10
1427 107.0 -1.40 1.19
1428 107.0 -1.33 1.29
1429 107.0 -1.25 1.38
1430 107.0 -1.15 1.48
1431 107.0 -1.04 1.57
1432 107.0 -0.91 1.67
1433 107.0 -0.77 1.78
1434 107.0 -0.62 1.88
1435 107.0 -0.44 1.98
1436 107.0 -0.25 2.09
1437 107.0 -0.05 2.19
1438 107.0 0.18 2.29
1439 107.0 0.42 2.40
1440 107.0 0.68 2.50
1401 108.0 -3.33 -0.93
1402 108.0 -3.32 -0.85
1403 108.0 -3.30 -0.76
1404 108.0 -3.30 -0.67
1405 108.0 -3.29 -0.58
1406 108.0 -3.29 -0.48
1407 108.0 -3.29 -0.38
1408 108.0 -3.29 -0.27
1409 108.0 -3.30 -0.16
1410 108.0 -3.30 -0.04
1411 108.0 -3.30 0.08
1412 108.0 -3.31 0.20
1413 108.0 -3.31 0.33
1414 108.0 -3.31 0.47
1415 108.0 -3.30 0.60
1416 108.0 -3.29 0.75
1417 108.0 -3.28 0.89
1418 108.0 -3.25 1.04
1419 108.0 -3.22 1.20
1420 108.0 -3.18 1.35
1421 108.0 -3.13 1.51
1422 108.0 -3.07 1.67
1423 108.0 -3.00 1.82
1424 108.0 -2.92 1.98
1425 108.0 -2.83 2.13
1426 108.0 -2.72 2.29
1427 108.0 -2.60 2.44
1428 108.0 -2.48 2.58
1429 108.0 -2.33 2.73
1430 108.0 -2.18 2.87
1431 108.0 -2.01 3.01
1432 108.0 -1.84 3.14
1433 108.0 -1.64 3.27
1434 108.0 -1.44 3.40
1435 108.0 -1.22 3.53
1436 108.0 -0.99 3.65
1437 108.0 -0.75 3.77
1438 108.0 -0.49 3.89
1439 108.0 -0.21 4.01
1440 108.0 0.08 4.13
1441 109.0 -2.47 -0.49
1442 109.0 -2.46 -0.39
1443 109.0 -2.46 -0.29
1444 109.0 -2.46 -0.18
1445 109.0 -2.46 -0.08
1446 109.0 -2.46 0.02
1447 109.0 -2.46 0.12
1448 109.0 -2.46 0.22
1449 109.0 -2.46 0.33
1450 109.0 -2.45 0.43
1451 109.0 -2.44 0.53
1452 109.0 -2.43 0.63
1453 109.0 -2.42 0.73
1454 109.0 -2.40 0.84
1455 109.0 -2.37 0.94
1456 109.0 -2.35 1.04
1457 109.0 -2.31 1.14
1458 109.0 -2.27 1.24
1459 109.0 -2.23 1.35
1460 109.0 -2.18 1.45
1461 109.0 -2.12 1.55
1462 109.0 -2.05 1.65
1463 109.0 -1.98 1.76
1464 109.0 -1.90 1.86
1465 109.0 -1.81 1.96
1466 109.0 -1.71 2.06
1467 109.0 -1.60 2.16
1468 109.0 -1.48 2.27
1469 109.0 -1.35 2.37
1470 109.0 -1.21 2.47
1471 109.0 -1.06 2.57
1472 109.0 -0.89 2.67
1473 109.0 -0.72 2.78
1474 109.0 -0.53 2.88
1475 109.0 -0.33 2.98
1476 109.0 -0.11 3.08
1477 109.0 0.12 3.18
1478 109.0 0.36 3.29
1479 109.0 0.62 3.39
1480 109.0 0.89 3.49
1441 110.0 -1.61 -1.01
1442 110.0 -1.60 -0.90
1443 110.0 -1.60 -0.79
1444 110.0 -1.60 -0.68
1445 110.0 -1.60 -0.58
1446 110.0 -1.60 -0.48
1447 110.0 -1.60 -0.39
1448 110.0 -1.61 -0.29
1449 110.0 -1.61 -0.21
1450 110.0 -1.62 -0.12
1451 110.0 -1.62 -0.04
1452 110.0 -1.63 0.04
1453 110.0 -1.63 0.11
1454 110.0 -1.64 0.19
1455 110.0 -1.64 0.26
1456 110.0 -1.64 0.33
1457 110.0 -1.64 0.40
1458 110.0 -1.64 0.47
1459 110.0 -1.64 0.54
1460 110.0 -1.63 0.61
1461 110.0 -1.62 0.69
1462 110.0 -1.60 0.76
1463 110.0 -1.57 0.84
1464 110.0 -1.53 0.93
1465 110.0 -1.49 1.01
1466 110.0 -1.44 1.10
1467 110.0 -1.37 1.19
1468 110.0 -1.30 1.28
1469 110.0 -1.21 1.38
1470 110.0 -1.10 1.47
1471 110.0 -0.99 1.57
1472 110.0 -0.86 1.67
1473 110.0 -0.71 1.78
1474 110.0 -0.56 1.88
1475 110.0 -0.38 1.98
1476 110.0 -0.19 2.08
1477 110.0 0.01 2.19
1478 110.0 0.23 2.29
1479 110.0 0.47 2.40
1480 110.0 0.72 2.50
1441 111.0 -3.34 -0.97
1442 111.0 -3.34 -0.88
1443 111.0 -3.33 -0.78
1444 111.0 -3.33 -0.69
1445 111.0 -3.33 -0.58
1446 111.0 -3.33 -0.48
1447 111.0 -3.33 -0.37
1448 111.0 -3.34 -0.26
1449 111.0 -3.34 -0.14
1450 111.0 -3.35 -0.02
1451 111.0 -3.35 0.11
1452 111.0 -3.35 0.23
1453 111.0 -3.35 0.37
1454 111.0 -3.34 0.50
1455 111.0 -3.33 0.64
1456 111.0 -3.31 0.79
1457 111.0 -3.29 0.94
1458 111.0 -3.26 1.09
1459 111.0 -3.22 1.24
1460 111.0 -3.18 1.39
1461 111.0 -3.12 1.55
1462 111.0 -3.05 1.70
1463 111.0 -2.97 1.86
1464 111.0 -2.89 2.01
1465 111.0 -2.79 2.16
1466 111.0 -2.68 2.31
1467 111.0 -2.55 2.45
1468 111.0 -2.42 2.60
1469 111.0 -2.28 2.74
1470 111.0 -2.12 2.88
1471 111.0 -1.95 3.01
1472 111.0 -1.78 3.14
1473 111.0 -1.58 3.27
1474 111.0 -1.38 3.40
1475 111.0 -1.17 3.53
1476 111.0 -0.94 3.65
1477 111.0 -0.69 3.77
1478 111.0 -0.44 3.89
1479 111.0 -0.17 4.01
1480 111.0 0.12 4.13
1481 112.0 -2.44 -0.49
1482 112.0 -2.44 -0.39
1483 112.0 -2.44 -0.29
1484 112.0 -2.44 -0.18
1485 112.0 -2.44 -0.08
1486 112.0 -2.44 0.02
1487 112.0 -2.44 0.12
1488 112.0 -2.44 0.22
1489 112.0 -2.43 0.33
1490 112.0 -2.43 0.43
1491 112.0 -2.42 0.53
1492 112.0 -2.41 0.63
1493 112.0 -2.40 0.73
1494 112.0 -2.38 0.84
1495 112.0 -2.36 0.94
1496 112.0 -2.34 1.04
1497 112.0 -2.31 1.14
1498 112.0 -2.27 1.24
1499 112.0 -2.23 1.35
1500 112.0 -2.19 1.45
1501 112.0 -2.13 1.55
1502 112.0 -2.07 1.65
1503 112.0 -2.00 1.76
1504 112.0 -1.92 1.86
1505 112.0 -1.83 1.96
1506 112.0 -1.74 2.06
1507 112.0 -1.63 2.16
1508 112.0 -1.51 2.27
1509 112.0 -1.39 2.37
1510 112.0 -1.25 2.47
1511 112.0 -1.10 2.57
1512 112.0 -0.93 2.67
1513 112.0 -0.76 2.78
1514 112.0 -0.57 2.88
1515 112.0 -0.37 2.98
1516 112.0 -0.15 3.08
1517 112.0 0.08 3.18
1518 112.0 0.32 3.29
1519 112.0 0.58 3.39
1520 112.0 0.86 3.49
1481 113.0 -1.60 -1.04
1482 113.0 -1.59 -0.92
1483 113.0 -1.58 -0.80
1484 113.0 -1.57 -0.69
1485 113.0 -1.57 -0.58
1486 113.0 -1.57 -0.48
1487 113.0 -1.57 -0.38
1488 113.0 -1.58 -0.29
1489 113.0 -1.58 -0.19
1490 113.0 -1.58 -0.11
1491 113.0 -1.59 -0.02
1492 113.0 -1.60 0.06
1493 113.0 -1.60 0.13
1494 113.0 -1.61 0.21
1495 113.0 -1.61 0.28
1496 113.0 -1.62 0.35
1497 113.0 -1.62 0.42
1498 113.0 -1.62 0.49
1499 113.0 -1.62 0.56
1500 113.0 -1.61 0.63
1501 113.0 -1.60 0.70
1502 113.0 -1.59 0.78
1503 113.0 -1.57 0.85
1504 113.0 -1.54 0.93
1505 113.0 -1.50 1.02
1506 113.0 -1.45 1.10
1507 113.0 -1.39 1.19
1508 113.0 -1.32 1.28
1509 113.0 -1.23 1.38
1510 113.0 -1.14 1.48
1511 113.0 -1.02 1.57
1512 113.0 -0.90 1.67
1513 113.0 -0.76 1.78
1514 113.0 -0.60 1.88
1515 113.0 -0.42 1.98
1516 113.0 -0.24 2.08
1517 113.0 -0.03 2.19
1518 113.0 0.19 2.29
1519 113.0 0.43 2.40
1520 113.0 0.69 2.50
1481 114.0 -3.33 -0.94
1482 114.0 -3.32 -0.86
1483 114.0 -3.31 -0.77
1484 114.0 -3.31 -0.68
1485 114.0 -3.30 -0.58
1486 114.0 -3.30 -0.48
1487 114.0 -3.30 -0.37
1488 114.0 -3.31 -0.27
1489 114.0 -3.31 -0.15
1490 114.0 -3.31 -0.04
1491 114.0 -3.32 0.09
1492 114.0 -3.32 0.21
1493 114.0 -3.32 0.34
1494 114.0 -3.32 0.48
1495 114.0 -3.31 0.62
1496 114.0 -3.30 0.76
1497 114.0 -3.28 0.91
1498 114.0 -3.26 1.06
1499 114.0 -3.22 1.21
1500 114.0 -3.18 1.36
1501 114.0 -3.13 1.52
1502 114.0 -3.07 1.68
1503 114.0 -3.00 1.83
1504 114.0 -2.91 1.99
1505 114.0 -2.82 2.14
1506 114.0 -2.71 2.29
1507 114.0 -2.59 2.44
1508 114.0 -2.46 2.59
1509 114.0 -2.32 2.73
1510 114.0 -2.16 2.87
1511 114.0 -2.00 3.01
1512 114.0 -1.82 3.14
1513 114.0 -1.63 3.27
1514 114.0 -1.42 3.40
1515 114.0 -1.21 3.53
1516 114.0 -0.98 3.65
1517 114.0 -0.73 3.77
1518 114.0 -0.47 3.89
1519 114.0 -0.20 4.01
1520 114.0 0.09 4.13
1521 115.0 -2.43 -0.49
1522 115.0 -2.43 -0.39
1523 115.0 -2.43 -0.29
1524 115.0 -2.43 -0.18
1525 115.0 -2.43 -0.08
1526 115.0 -2.43 0.02
1527 115.0 -2.42 0.12
1528 115.0 -2.42 0.22
1529 115.0 -2.42 0.33
1530 115.0 -2.42 0.43
1531 115.0 -2.41 0.53
1532 115.0 -2.40 0.63
1533 115.0 -2.39 0.73
1534 115.0 -2.38 0.84
1535 115.0 -2.36 0.94
1536 115.0 -2.34 1.04
1537 115.0 -2.31 1.14
1538 115.0 -2.27 1.24
1539 115.0 -2.23 1.35
1540 115.0 -2.19 1.45
1541 115.0 -2.13 1.55
1542 115.0 -2.07 1.65
1543 115.0 -2.01 1.76
1544 115.0 -1.93 1.86
1545 115.0 -1.84 1.96
1546 115.0 -1.75 2.06
1547 115.0 -1.64 2.16
1548 115.0 -1.53 2.27
1549 115.0 -1.40 2.37
1550 115.0 -1.26 2.47
1551 115.0 -1.11 2.57
1552 115.0 -0.95 2.67
1553 115.0 -0.77 2.78
1554 115.0 -0.59 2.88
1555 115.0 -0.38 2.98
1556 115.0 -0.17 3.08
1557 115.0 0.06 3.18
1558 115.0 0.31 3.29
1559 115.0 0.57 3.39
1560 115.0 0.85 3.49
1521 116.0 -1.60 -1.05
1522 116.0 -1.59 -0.92
1523 116.0 -1.57 -0.81
1524 116.0 -1.57 -0.69
1525 116.0 -1.56 -0.59
1526 116.0 -1.56 -0.48
1527 116.0 -1.56 -0.38
1528 116.0 -1.56 -0.28
1529 116.0 -1.57 -0.19
1530 116.0 -1.57 -0.10
1531 116.0 -1.58 -0.02
1532 116.0 -1.58 0.06
1533 116.0 -1.59 0.14
1534 116.0 -1.59 0.22
1535 116.0 -1.60 0.29
1536 116.0 -1.60 0.36
1537 116.0 -1.61 0.43
1538 116.0 -1.61 0.50
1539 116.0 -1.61 0.57
1540 116.0 -1.61 0.64
1541 116.0 -1.60 0.71
1542 116.0 -1.59 0.78
1543 116.0 -1.57 0.86
1544 116.0 -1.54 0.94
1545 116.0 -1.50 1.02
1546 116.0 -1.46 1.10
1547 116.0 -1.40 1.19
1548 116.0 -1.33 1.29
1549 116.0 -1.24 1.38
1550 116.0 -1.15 1.48
1551 116.0 -1.04 1.57
1552 116.0 -0.91 1.67
1553 116.0 -0.77 1.78
1554 116.0 -0.61 1.88
1555 116.0 -0.44 1.98
1556 116.0 -0.25 2.09
1557 116.0 -0.04 2.19
1558 116.0 0.18 2.29
1559 116.0 0.42 2.40
1560 116.0 0.68 2.50
1521 117.0 -3.33 -0.93
1522 117.0 -3.32 -0.85
1523 117.0 -3.31 -0.76
1524 117.0 -3.30 -0.67
1525 117.0 -3.29 -0.58
1526 117.0 -3.29 -0.48
1527 117.0 -3.29 -0.38
1528 117.0 -3.29 -0.27
1529 117.0 -3.30 -0.16
1530 117.0 -3.30 -0.04
1531 117.0 -3.31 0.08
1532 117.0 -3.31 0.20
1533 117.0 -3.31 0.33
1534 117.0 -3.31 0.47
1535 117.0 -3.30 0.60
1536 117.0 -3.29 0.75
1537 117.0 -3.28 0.89
1538 117.0 -3.25 1.04
1539 117.0 -3.22 1.20
1540 117.0 -3.18 1.35
1541 117.0 -3.13 1.51
1542 117.0 -3.07 1.67
1543 117.0 -3.00 1.82
1544 117.0 -2.92 1.98
1545 117.0 -2.83 2.14
1546 117.0 -2.72 2.29
1547 117.0 -2.60 2.44
1548 117.0 -2.47 2.58
1549 117.0 -2.33 2.73
1550 117.0 -2.18 2.87
1551 117.0 -2.01 3.01
1552 117.0 -1.83 3.14
1553 117.0 -1.64 3.27
1554 117.0 -1.44 3.40
1555 117.0 -1.22 3.53
1556 117.0 -0.99 3.65
1557 117.0 -0.74 3.77
1558 117.0 -0.48 3.89
1559 117.0 -0.21 4.01
1560 117.0 0.08 4.13
1561 118.0 -2.44 -0.49
1562 118.0 -2.43 -0.39
1563 118.0 -2.43 -0.29
1564 118.0 -2.43 -0.18
1565 118.0 -2.43 -0.08
1566 118.0 -2.43 0.02
1567 118.0 -2.43 0.12
1568 118.0 -2.43 0.22
1569 118.0 -2.42 0.33
1570 118.0 -2.42 0.43
1571 118.0 -2.41 0.53
1572 118.0 -2.41 0.63
1573 118.0 -2.39 0.73
1574 118.0 -2.38 0.84
1575 118.0 -2.36 0.94
1576 118.0 -2.34 1.04
1577 118.0 -2.31 1.14
1578 118.0 -2.27 1.24
1579 118.0 -2.23 1.35
1580 118.0 -2.19 1.45
1581 118.0 -2.13 1.55
1582 118.0 -2.07 1.65
1583 118.0 -2.01 1.76
1584 118.0 -1.93 1.86
1585 118.0 -1.84 1.96
1586 118.0 -1.75 2.06
1587 118.0 -1.64 2.16
1588 118.0 -1.52 2.27
1589 118.0 -1.40 2.37
1590 118.0 -1.26 2.47
1591 118.0 -1.11 2.57
1592 118.0 -0.95 2.67
1593 118.0 -0.77 2.78
1594 118.0 -0.59 2.88
1595 118.0 -0.38 2.98
1596 118.0 -0.17 3.08
1597 118.0 0.06 3.18
1598 118.0 0.31 3.29
1599 118.0 0.57 3.39
1600 118.0 0.85 3.49
1561 119.0 -1.60 -1.04
1562 119.0 -1.59 -0.92
1563 119.0 -1.57 -0.81
1564 119.0 -1.57 -0.69
1565 119.0 -1.56 -0.58
1566 119.0 -1.56 -0.48
1567 119.0 -1.56 -0.38
1568 119.0 -1.56 -0.28
1569 119.0 -1.57 -0.19
1570 119.0 -1.57 -0.10
1571 119.0 -1.58 -0.02
1572 119.0 -1.58 0.06
1573 119.0 -1.59 0.14
1574 119.0 -1.60 0.22
1575 119.0 -1.60 0.29
1576 119.0 -1.61 0.36
1577 119.0 -1.61 0.43
1578 119.0 -1.61 0.50
1579 119.0 -1.61 0.57
1580 119.0 -1.61 0.63
1581 119.0 -1.60 0.71
1582 119.0 -1.59 0.78
1583 119.0 -1.57 0.86
1584 119.0 -1.54 0.94
1585 119.0 -1.50 1.02
1586 119.0 -1.46 1.10
1587 119.0 -1.40 1.19
1588 119.0 -1.33 1.28
1589 119.0 -1.24 1.38
1590 119.0 -1.15 1.48
1591 119.0 -1.04 1.57
1592 119.0 -0.91 1.67
1593 119.0 -0.77 1.78
1594 119.0 -0.61 1.88
1595 119.0 -0.44 1.98
1596 119.0 -0.25 2.09
1597 119.0 -0.04 2.19
1598 119.0 0.18 2.29
1599 119.0 0.42 2.40
1600 119.0 0.68 2.50
1561 120.0 -3.33 -0.93
1562 120.0 -3.32 -0.85
1563 120.0 -3.31 -0.76
1564 120.0 -3.30 -0.67
1565 120.0 -3.29 -0.58
1566 120.0 -3.29 -0.48
1567 120.0 -3.29 -0.38
1568 120.0 -3.30 -0.27
1569 120.0 -3.30 -0.16
1570 120.0 -3.30 -0.04
1571 120.0 -3.31 0.08
1572 120.0 -3.31 0.20
1573 120.0 -3.31 0.33
1574 120.0 -3.31 0.47
1575 120.0 -3.30 0.61
1576 120.0 -3.29 0.75
1577 120.0 -3.28 0.89
1578 120.0 -3.25 1.04
1579 120.0 -3.22 1.20
1580 120.0 -3.18 1.35
1581 120.0 -3.13 1.51
1582 120.0 -3.07 1.67
1583 120.0 -3.00 1.83
1584 120.0 -2.92 1.98
1585 120.0 -2.83 2.14
1586 120.0 -2.72 2.29
1587 120.0 -2.60 2.44
1588 120.0 -2.47 2.58
1589 120.0 -2.33 2.73
1590 120.0 -2.18 2.87
1591 120.0 -2.01 3.01
1592 120.0 -1.83 3.14
1593 120.0 -1.64 3.27
1594 120.0 -1.44 3.40
1595 120.0 -1.22 3.53
1596 120.0 -0.99 3.65
1597 120.0 -0.74 3.77
1598 120.0 -0.48 3.89
1599 120.0 -0.21 4.01
1600 120.0 0.08 4.13
